-1013
-2602
4537
5657
-310
7479
1622
164
-7318
340
-3441
-6663
2219
-4081
-710
-4962
-3721
1990
5030
348
4281
1107
-438
379
97
-4017
-6692
-2225
7193
-108
772
-1441
-1321
-1491
-3377
3389
2131
-627
-1060
-3641
8856
-2025
-4080
-3501
-4430
-4422
-1341
-2801
354
2576
-5398
548
-1240
-1576
-82
-7271
8033
4439
6462
3769
-7205
2915
-3186
-1332
342
1381
4513
-5775
-4883
-261
204
8669
-492
681
6340
1863
-1850
-2453
2257
2053
-81
-5858
-4075
-1854
5742
-2770
3706
3405
-7307
-4320
-1630
2230
-465
-4332
-1523
2944
-4666
252
2397
398
4137
-824
6674
-6477
9132
-5382
-723
3053
3292
2180
3615
1924
-6921
3834
-98
3368
6985
7791
7768
401
-3370
-2797
-480
2673
515
-5483
-6167
-2689
-1162
3391
-1798
5857
704
-7582
5594
603
1061
-9526
2508
-3666
7048
-4901
-2186
-253
-702
-746
3216
-728
228
-7621
-923
-2824
-2197
-1428
-244
702
-3799
313
-1779
1274
-3763
1529
437
-4312
-3543
-6340
1865
-6075
5248
2556
-4388
-2062
-181
-4467
-1175
-1766
2865
29
-2859
392
-4404
767
96
1650
115
2809
6986
-84
387
-1988
-6394
-967
-1937
5858
-4682
2939
9126
5291
-3113
-2366
-2157
-3699
1932
3384
3912
-750
-754
2371
1414
-1139
-708
6377
-1829
3028
3931
-1781
-4717
2508
-6952
-2198
1371
-5986
1986
593
-533
-8284
8210
8395
1653
792
-7144
15550
9197
1527
-2238
8164
2744
-39
-481
-4687
-1808
8536
-6800
3339
7753
6078
-5032
-4139
5284
3555
-2818
1755
-4397
-1309
-4454
-5861
-2312
1134
-4949
3301
-3274
2756
-5351
1114
-1345
8919
-235
4402
7888
-1642
1571
394
-3944
-5347
743
-884
3675
6129
2574
-5471
912
-1496
467
-4001
1309
2770
-2764
-8370
-7649
9242
415
-1108
6362
1722
1101
-142
4586
-1423
7235
2250
3492
-5530
-8389
-810
-4487
-2099
-2127
5274
616
4765
1058
4189
55
-5196
1059
1407
2794
-1690
655
311
-656
621
-2867
83
-6578
1133
2286
-1535
3368
-2050
2363
4226
-667
-2866
3654
2816
862
1971
722
2893
-6102
-2243
6457
4511
-4488
-2313
-1115
-2540
2461
-5049
2331
-2179
-3254
-1721
-2975
-1526
-308
-501
2439
-2666
1531
5149
-4846
2519
3726
5603
-1952
-4515
-3459
-6963
-1208
1397
-1000
8615
-4224
127
5819
5226
3715
5544
1699
2514
-4357
-3368
-121
5873
6154
-5284
4913
-2395
5357
482
4274
6504
-1256
5750
3495
-1234
-2367
4199
-1876
8262
-5067
-2472
3745
-8531
1192
-3197
-3616
9594
-215
1778
-6185
1266
-948
4391
1111
1992
7279
6063
2313
-1527
-69
-2346
-9
-646
-701
131
-4539
4287
4750
-3629
-7026
4427
-7139
-2532
-5209
-4620
2351
5648
-3087
1596
4188
-2885
-1301
-7149
1666
4742
-567
-2617
-3553
3626
-7151
-2232
1798
4470
-98
-2838
1281
-6039
8235
681
2492
3829
2112
4514
-1689
3391
2180
1923
-7146
813
-3539
-1377
-8043
-3153
2729
5455
-2252
-4440
-1699
150
-3461
969
-4872
296
-2826
6813
6927
269
2142
-2308
-6523
6030
161
4436
-54
8863
1238
-1742
4011
3743
-2158
2444
907
6049
-170
763
-304
-3522
-6633
1325
2147
5165
-5556
-7216
-6007
3509
3177
1547
5177
1344
5772
1928
-4137
4351
1916
2648
4848
2930
2189
-1066
505
-1898
4603
5721
2917
-3449
2630
-2485
1231
-1649
310
3180
7267
522
9247
4061
3566
-3289
-733
-1974
-4079
26
-4191
-6441
3651
-1712
-5197
4090
7060
-440
-2369
8123
-3771
563
5725
-1896
4079
2698
1348
4417
5636
-1811
-8317
-2739
5897
871
7684
4190
1327
682
1430
-5428
-5940
3448
-2439
287
1204
4652
-2434
1906
5287
2143
7164
614
1486
-2387
6168
-4847
-5328
-4348
1269
3563
-1441
-2117
-3280
-2828
1809
5684
-5159
7325
746
3670
2553
-3404
-2963
-1256
906
-1396
8
-5719
887
2386
6720
2241
6383
1697
3217
-7473
-296
-7680
-2383
-1986
-6719
1518
-2087
-3194
7858
412
-1138
-5393
1007
-97
-5018
4713
521
-1460
5155
4131
-741
-5181
2536
-3154
3682
-3659
-8058
-4906
3467
-602
-1949
4416
-6381
49
-401
-8508
3683
-3116
-2583
3821
-3046
-4815
4015
-6187
-3972
-3819
-95
-351
-8179
-4565
-2774
2637
-487
-1948
-5803
1706
-4598
-3044
-3308
5984
5775
-1715
-2565
-3618
-1062
131
4363
1791
8791
2283
461
1531
2572
3759
2056
2359
4901
683
-1166
5237
-5670
-4538
-4481
-2909
-5487
1168
-5525
-3558
2751
8543
4697
-2943
1858
1596
5203
-7871
-4914
-1695
627
3183
-1190
3259
-2301
6820
-6267
499
2273
801
237
-7710
-4431
3779
-3543
-3060
6820
-2543
1367
-1097
4198
1665
-633
-6873
2025
-4446
-743
7545
1660
-712
-703
1675
3058
232
-2542
3547
4214
2907
-3569
1651
-5418
-505
-8341
12
-5433
-8328
-489
3102
-5156
-3648
6511
707
-8870
-3877
5196
-245
-4425
2813
770
-6704
-2366
-2628
-1190
-2963
4204
275
-6611
1799
6917
1926
956
1550
-5004
-1402
-1929
-2421
-1419
-4292
8832
-4263
-974
-6564
-1306
1956
-7718
6513
3632
1643
6983
2356
-2296
-6967
-4751
-1329
-6028
-1008
522
2398
1244
3308
-895
112
-2000
-6281
-135
-2341
-5058
147
-1250
2464
3841
8098
-1004
-70
-4189
-1693
6791
8384
-6232
-3179
361
-3968
-921
4802
7311
-5101
-2912
-4062
363
-1166
-924
-2826
-626
7430
-1559
2403
6231
1511
-1429
3285
-3768
-3136
-6210
-2213
-8601
-2168
-93
-2867
-4049
-3216
4845
-1689
2759
-2476
2867
-25
6086
-6743
-1764
-5823
-3544
-3304
-3552
-6247
-2091
6233
4980
-7767
4264
2012
-464
-6052
-912
-4552
1193
-3419
691
4782
-4829
999
2813
-4645
5442
1760
1485
8369
2060
-2918
7947
-3974
-8351
3320
2023
3717
544
-2700
-2182
-4862
4664
417
-839
4290
-3512
-1063
-5745
1180
4536
1484
-3264
-2397
-756
-5652
3287
-2212
3711
-5931
5992
-9442
6130
6335
-3
2049
1876
-272
-3977
-1828
9595
-5553
-3365
-4722
2049
3367
2378
-2296
4583
4885
-2877
4450
1988
942
-8806
2730
-6419
-778
3537
-6999
-4709
-2585
-558
-2407
1274
-4573
3520
4291
-7776
3632
-3565
3444
-6083
1019
-668
100
34
-5042
-858
1365
-2552
-1916
347
-1342
-3267
-3162
-4295
-6581
1059
-1249
872
3731
-7951
7875
3096
3181
8619
3964
-1870
6674
2929
3098
-931
8382
-2018
673
4757
2303
-4957
8099
1256
4614
-6585
3783
1144
-3416
-444
563
2866
91
-6182
289
-2595
1832
2063
4189
-505
1820
6842
5668
-768
-1936
2924
-8218
3332
1321
-409
5308
-8539
2371
-4445
-4344
-443
-2177
-8138
1974
-4400
2395
-8922
2038
7675
2099
-3558
-5663
-1445
-7120
-1796
-5865
-5463
5795
205
721
3127
-7870
-3906
1510
955
2074
766
-1201
-2272
-170
-681
-2253
-119
-7786
-6338
-4800
8216
99
3849
-687
-3883
-8413
8412
-4682
1989
48
4745
27
-985
5353
-2228
2984
5
-8277
-369
-1709
-5794
-9916
2887
3138
-3666
-4902
-5722
-6732
6552
-3069
2737
-5913
4212
1736
-8127
6248
8374
9145
596
298
7075
2548
6810
941
-165
6703
2201
880
3595
6089
5861
-9437
-5071
3311
7430
1438
1138
-1784
6034
3979
-4953
-3814
-2041
-139
-5291
6294
4998
-5685
-8694
2177
17
-4619
-523
1529
78
1963
-839
5500
-2872
5139
-7007
1074
1261
2253
-2442
-843
32
-634
-99
-1986
-3500
4120
2118
3507
2077
6904
-2339
660
4321
2799
973
4120
5379
-215
-4982
-6374
172
4128
-6727
265
1349
-5683
2804
3113
-2365
-7415
-3931
-4145
-1028
1260
-5116
7081
-2677
-1910
8203
-3953
2405
-3291
-4502
7486
-5945
3587
3658
1198
1494
-7256
6738
-258
9290
4723
8714
1487
-3836
-449
1133
1528
3951
5856
6690
801
-3369
-3042
-5908
2145
-1316
1885
-3431
2305
-3010
2762
-1542
-7345
1078
-7624
6454
1848
355
-6821
-717
-328
-1330
2190
-1001
2396
6219
-2131
-2615
3381
-1781
-5377
1829
841
909
674
731
4483
2142
-4235
2469
3099
1053
-5303
-7137
-991
336
1599
3944
2535
3866
4854
4829
3791
-3335
4873
-747
7365
-2691
-1642
297
2584
-2415
-1061
1842
-1028
-5255
-2642
4467
-460
3647
141
-4404
3732
-2381
-3044
6366
-5640
2661
-909
6691
981
5754
5446
-1151
5189
-3485
-746
-5920
-5166
-4800
-4862
-3955
-4305
-2344
4096
3231
2059
86
-1236
1054
4159
-7619
596
2240
-4082
-4855
3923
8327
-2973
2702
9025
-2030
3320
914
-2419
1527
5202
-4269
-8511
570
815
-5164
3839
-8153
974
1680
5626
-549
-5323
-4432
-4180
4453
-4244
-2759
472
-1380
-2607
-1168
-1861
-7483
-9146
247
3410
3538
116
-1874
803
-557
-4065
-2778
1126
6043
4319
3898
-1138
7715
-1545
3385
4702
1957
-3202
-2833
-7629
4634
-3033
4
1159
7155
-475
-421
8396
1866
-621
-4470
2722
-661
-3420
4653
3376
1671
1320
-1023
5240
2663
-2420
5330
6827
-970
1041
1151
3104
1367
418
-1972
-7702
-4856
4655
-1602
266
-4077
-3919
-4547
-383
1013
2436
1972
6694
582
1748
1933
-3185
6252
-986
4127
9921
-717
1244
-2214
-370
8679
-3607
-4135
1837
-5912
490
-1856
-1229
1563
-397
-5959
1077
399
4380
-2971
-3211
265
-4070
3183
-5561
3113
5723
806
-3657
6993
-3633
-3863
-2751
3103
-2079
-4746
-3900
163
3852
2679
-2925
6794
-4447
-721
9009
-3169
-2147
-1805
1556
1763
-1099
-1516
-4090
4541
3270
-833
1701
-144
3490
-43
-3398
-2031
-4254
-6166
-4994
-3772
-5801
7101
4903
-6141
1496
7850
1381
-8987
-7333
-2467
-2533
5447
852
1830
-8043
-5394
-2959
-1363
4006
895
4064
3097
-3179
-2095
-6921
9165
-6747
-4505
4411
-213
8600
-4575
-2190
-8104
4137
1274
-982
-2614
-3608
-3212
2261
2400
-278
-433
-3908
-9568
4824
-318
2372
7721
-3970
918
-1019
711
-1891
-3076
-1873
-422
-3758
3523
-655
513
-5668
2628
-2319
961
4238
493
-7135
4138
3225
340
-4289
-1630
5281
1567
4010
-4604
-8455
-1153
3096
-3027
4329
1896
1243
762
-406
-2907
7735
1298
-700
-925
-8213
-607
-5353
7011
237
-3830
5348
3580
-1884
6644
3698
-7800
-1808
-2654
2825
-2212
1374
2238
-1585
800
-437
-4516
858
-4445
-3583
2920
3141
1973
8456
2414
-2392
-5407
5919
3710
8492
8234
-3240
-1169
1539
1950
-1244
-6960
2247
-3197
-523
-3105
6343
2933
-1880
-2079
-58
869
4630
849
-514
1414
1988
-6047
767
2109
2151
-6767
-3738
2076
2076
-3867
1894
-1755
2900
6161
3640
8361
3774
4121
-3760
-578
-3766
-2424
18
3219
3656
-794
5844
864
7546
4827
3692
248
2093
-2600
-2208
7241
-4774
-5178
5420
2632
-4793
3615
2988
8251
1143
-4441
-4064
-1162
-3257
-5348
4018
-404
-1130
5929
-406
5432
-1009
4430
2345
-2041
4781
-1250
3844
5628
2354
1408
2697
-670
-2904
4793
2844
8395
-859
-3895
1222
1840
5317
-4648
-763
364
-6522
6626
-538
4443
24
6451
3917
-6202
-4376
1047
-2553
-1914
1818
-1483
5113
4657
-7720
-1470
-1929
-933
-73
1703
-4789
3486
-6870
-3889
1472
3093
-9656
-9901
6936
-3723
6742
3139
-4587
-2644
758
-415
-3695
2499
862
-397
6098
6495
2558
-3776
2597
5285
-817
-7461
2182
-5685
-6378
204
1653
1397
5585
-1391
4030
-2062
-6555
1492
1447
-1356
1173
339
-210
-2363
-2797
-582
-846
-3727
626
-2445
6405
257
-1215
-5750
-527
-2139
4334
1984
-5289
3358
-3980
-6442
-1118
-2128
-5965
5294
-5726
-1892
2797
4188
-1107
-5594
-3261
-6303
-1409
-3362
5905
-4238
-7121
-5218
-424
-4615
-4707
-3791
-7113
-1388
-4055
-293
803
4619
-570
-4016
2335
5419
5706
-520
3781
-6488
1950
-6256
-2663
-6968
818
-7862
-4509
-9324
-4117
-2352
1375
-1439
1007
-3823
1540
8606
2310
-6783
-524
-4412
-124
850
-4173
-3207
-1926
-29
-767
4358
1580
2947
-991
1923
6861
2295
-815
2581
-6009
3810
-3650
-709
1096
-534
214
-6743
3005
7123
-538
2409
-3431
1075
8419
-4721
-3934
-5624
3960
-4386
-39
4896
-6499
-3425
5060
467
421
373
-3881
-33
3195
498
-5344
-1873
420
-277
-846
6115
-4672
1705
-6573
-1626
-1532
5456
-4100
-4508
1458
-9364
8631
-2524
1500
-176
-9207
8010
5659
2231
2013
382
2090
7415
-2225
842
-3968
-3058
-3389
4614
-1387
8927
168
652
3252
6087
1597
2836
334
4526
-4722
134
1963
-617
4842
577
5847
-781
-4594
-931
-5148
1086
-430
1678
3054
-1723
-4529
-915
6254
-4391
-3579
-383
6007
-327
5914
-3815
488
6143
-1730
4513
4858
-4409
2564
3059
-7419
-377
-1026
-1956
-5854
4902
-2926
-492
-7925
-6817
-2012
-1726
-6734
-8911
-2797
6490
830
-1100
-1762
-1250
4369
1868
-2456
988
-4375
8677
4186
54
2979
868
-4509
5334
5493
-3917
4812
174
-2110
-542
-2465
-3449
-5463
3714
-1062
547
2539
982
-6755
50
204
-2609
3942
3612
-1448
-842
-7628
1326
-2303
-284
2303
-6874
-9066
-7202
5857
4980
-6034
4825
-5026
869
-3596
-1597
7223
-194
-557
-1574
-784
-1704
-3828
773
-5392
-2157
-377
3853
-6703
5732
-1
201
4155
-683
5377
-3816
1860
424
614
-1993
7855
-5772
7398
3647
-3527
12
2098
7168
1741
712
4571
1753
-7350
2085
-6131
-2566
6539
-1838
-5314
-4969
5778
-1048
-3928
623
7395
-809
-999
5087
4260
-7359
424
-1335
5425
-748
-4347
5112
-4264
-4791
-6348
5636
-7798
-135
2952
4660
-3388
5959
-2770
4769
-396
300
2129
4820
-1996
65
5119
3638
-218
334
1085
-6219
-38
6433
-3172
-3919
1662
-2411
-1656
882
-3660
-4174
1424
-2843
-5177
-2813
6839
5
1599
-4158
-7437
4052
-2171
6040
6206
-7022
8723
263
-4192
-5157
-7026
4006
-941
-926
2476
2019
-2437
-1916
-913
-641
5211
-7080
93
547
2895
-7085
7387
921
1692
501
-1754
-2892
-4288
7075
-8588
3844
705
-4879
2030
-6860
8
-4226
-9494
-374
-6578
-4109
2732
3574
1517
3913
-6805
-1258
-318
2365
-5542
6640
-2027
-6490
-4306
-3018
-6458
6117
-3165
-703
-1151
-1461
-256
-506
-5640
1187
7059
-991
3301
-1740
-2220
-936
-1050
-6200
-1177
2428
1735
-295
5059
8930
-1842
-599
-5335
-6805
5339
-4076
5241
-2698
-5221
1474
-6662
4175
-2302
1200
6497
-3911
-48
-7825
-1223
4097
4595
4976
-4249
-2240
1212
291
3532
-5656
-3937
6256
3615
296
-2483
4792
2570
6233
-6260
-2437
6110
-675
-6608
-4335
-3768
-5419
-3217
462
1027
-1916
50
-6503
1986
6360
-3951
5060
2075
-124
-658
1643
1853
5704
-429
1546
7480
-1956
-4355
984
-2801
6508
1819
-1579
-7552
314
-1623
-1108
4120
-7645
-3530
-9157
-3581
-2698
-3286
399
-1653
1272
-843
-378
-511
-5219
-751
-2136
1416
1857
-46
-5514
2807
621
3693
2963
-4075
2699
3583
7011
-1246
-3576
2475
-5512
7522
3618
-3617
5435
1319
1657
-1350
-5017
4412
1403
-6078
-2171
-5749
-3322
-465
-3904
-7428
-5588
4579
-2495
3890
4055
-1837
4142
6021
-1146
-9361
4064
-3552
-4674
5181
8185
8486
-944
-1194
-1478
2988
8297
-2137
1870
5339
6174
8805
-5404
-1475
1787
-6266
3982
-5930
1377
-934
-110
3306
-340
-3505
3614
4349
2414
-4651
5410
-3135
-229
-905
-1619
5167
-1044
310
2383
-1987
-426
-2163
3194
-5285
-8865
6794
-3379
41
7358
-2197
-6601
4305
-1977
3222
7836
-818
3608
-8627
3234
1798
-1675
-8335
-840
278
-1102
219
-12
6336
-5114
-4250
3030
-2659
1192
-7806
-3153
-6205
-4583
8977
1072
-1339
1538
-168
7777
-2551
1613
-547
188
-2338
-5754
274
-3461
-6732
-1993
-1909
-754
-5742
243
-7792
-4007
-5271
-2478
-5152
-4479
192
-5363
-267
653
-98
-1699
625
1978
6261
-1632
-1642
-1943
-4246
-2974
-5098
-3910
-2754
-7457
7484
2146
-3880
4206
-5049
2246
-3789
-2611
5295
-2002
1497
-4083
-175
-306
577
7557
2806
-5757
7565
-1898
815
-240
-942
2267
4959
5011
-2365
-6064
-3056
-6056
3958
-6537
3747
9394
-3262
4163
-534
-4325
1525
1979
114
-2255
8016
1793
-1839
236
4290
-6473
-1210
4566
3794
144
-6329
5661
-1455
8036
-5729
883
3045
-204
-3938
394
780
-3762
1082
-3582
5843
3711
-6740
-2767
-3302
1140
-3991
7509
-3728
-173
2900
3976
959
571
813
2988
8775
3692
5160
2165
-5715
5442
-2162
-1358
-1366
3971
7462
-3802
1448
6944
4492
1133
1996
2452
-604
4226
4260
2193
-168
-482
-709
-1748
-6229
-1551
651
5203
-1958
1491
-1797
-4489
39
1099
1395
-1385
524
-2905
6223
-7711
1959
-1920
400
6617
-4415
862
8940
-1639
4513
7538
-1750
-6832
-5021
-1679
-1303
-2199
3360
-7510
-2967
423
-663
-859
432
-809
679
-1651
657
132
-4540
5968
-3415
1506
2618
-2674
8296
-3996
5659
320
5595
-2084
-933
-2625
5620
-2540
517
-268
-7354
2780
-3127
-228
-1338
-5399
-2591
3655
3669
-1838
-6466
-462
-1164
3733
2639
-4639
-1125
4170
-2701
5452
1219
-1983
-1312
9527
-1347
-6891
250
6665
3557
-7313
5828
-175
4479
3811
-7312
719
8224
-8853
-2344
2100
1035
5630
-4531
487
-793
-3006
-422
-4420
-303
3481
1058
2458
-1136
-5198
-30
-2387
2802
1298
-689
98
416
6594
-6446
1094
-4419
3449
-2584
2838
986
4956
-6904
4300
-578
-4903
-1617
-24
-5099
-4623
-556
3289
1211
7383
2102
-25
-5142
5334
2047
-3180
8902
2317
-1363
2705
5369
1272
-301
-5095
-708
8296
2742
326
5869
-1274
-2845
-7610
3083
-1971
7611
2704
-901
1666
3336
-4276
-4389
2159
-4953
486
2106
-6021
-510
-2400
622
-2273
6976
6647
-6126
2424
3958
-6160
7973
7459
-310
-1458
2786
3532
-925
2761
2600
8084
393
-3092
-640
3251
94
3041
4730
3419
1302
2724
3321
3230
-5977
-740
-3200
430
775
4790
2755
-2315
2072
-6091
-4980
1057
-1836
5004
4037
3539
-4135
4911
1143
-1686
240
-8030
3384
-3861
5198
-2160
74
-3121
-6787
323
1180
4008
-2409
1932
4639
8992
-3879
-1245
7436
-850
1917
-4023
640
3861
1802
-8230
-7260
6705
-3941
274
725
-4554
4863
8843
-6996
4257
-3164
3532
3936
3111
-6785
660
-3874
-4048
8375
-4337
4622
3760
-1675
2556
-1973
2380
9600
-4693
3527
1955
-3489
-4377
789
942
9224
-6057
-1307
3596
7429
1091
-2862
1499
283
18
7479
2460
-1070
4777
3250
-4408
-4464
2340
1611
2131
5805
-4834
3394
-5049
-1914
-3628
2184
-3507
3444
-5105
-5646
-6052
-3589
-9072
608
-7013
-1999
746
8317
3732
-457
-7846
-6441
-1848
-741
1085
-3093
-7437
-535
-1044
3212
7772
2047
-2777
3305
5936
-497
-1970
2043
-529
-4831
-2758
4015
-7382
7917
-5468
-936
6741
-5580
8337
-3091
-1589
1766
-1701
-5374
-7374
-4929
4967
1097
4133
1778
1896
7835
2757
1153
-6095
-5999
-3484
-6436
3665
-256
3331
3703
4870
1664
-71
-2114
2227
-856
-4611
-2691
-607
2910
-2391
-2623
-1857
427
555
3136
3592
-636
-1710
4061
1991
64
-1565
2690
-4241
4031
3849
-4003
-5905
4432
-4034
-4125
2934
-5480
-3066
-5560
5458
-5062
4183
-834
-3045
3480
-3269
-1329
-3089
-3483
-3314
6423
2762
3493
-5818
2747
2400
-1651
-2733
2001
-5399
-7053
5977
-21
-4525
8573
-4752
3766
-8754
3830
4043
3238
-2645
788
-992
-4403
-5727
3643
-2180
1550
-3217
-8795
1494
-1210
-2961
-6539
4038
-782
-4804
1277
3612
4577
4017
-4907
2211
-3567
-3022
-6488
6720
8694
4563
4269
6859
-2253
2115
20
577
-7388
7861
-8291
802
-1309
-4697
-1243
-306
-33
1252
4740
2250
-3417
-4048
-4021
7984
-8031
1016
690
-1332
6132
1058
-3121
-3035
-3849
3516
813
150
-2954
-5513
-2907
-1121
6416
2214
1027
-8747
896
4637
1942
-4643
-1318
-8826
3075
-4437
3294
2792
-380
-4959
-717
-6323
-1258
-2617
3469
2547
3919
-451
2691
5648
-2820
-4335
-1625
-4190
7146
605
-4042
-2328
-3883
-641
4294
-4058
2700
3878
-909
362
-41
2168
2380
770
861
-3592
584
-426
-750
3054
-2586
1477
4815
-796
-7794
4065
4202
-224
643
-5908
1884
-509
-6793
-96
790
3801
1593
1440
1539
5484
-4973
-388
-3186
-1824
2945
-6388
6373
486
-1031
-2013
7773
2135
-2213
8983
5035
4411
-206
-7466
-4422
-5460
-2409
-4231
-5695
-6571
323
6869
6393
7573
1810
-691
7208
-7073
-1910
4711
-6106
-3369
-4082
-1695
-6957
3796
3182
1389
6770
2598
-1228
-4320
2981
6441
-4803
-2542
3157
-3576
-7356
1955
1017
2044
-6661
-8517
-1219
1693
-2485
-7285
-528
-4889
805
-9247
-4694
-3291
6645
-1105
3351
1137
4800
-4876
5373
-1370
-6279
1763
7659
-1726
-3388
712
3113
-3487
5121
5138
-3881
-1961
723
4738
-7180
6851
3715
-588
4275
-833
-1001
-6385
-4989
2253
-1534
1338
6343
88
4268
-237
2007
-342
679
-4574
3145
-505
-3508
-2672
3881
1644
814
3209
2756
-2773
2302
3677
4959
5097
-3363
2046
-438
-6379
-473
-6008
-6627
128
2276
8520
-1111
-2752
-2306
-1007
3411
-1908
2176
-5494
2038
-1148
327
5713
-3197
-1335
4230
-3813
-1513
-54
-70
3187
-7680
2174
-2436
-1502
-4799
-1978
2168
6826
1376
-8465
-1543
-8498
-1598
5914
-138
-3261
-1162
-288
-4389
3631
8593
4124
2428
-6495
4081
-3521
-1628
-511
1399
-6094
6743
4085
2594
3837
7616
214
6789
6363
2334
5619
-4390
-1616
-3174
-42
4117
5164
-4227
6142
1552
3228
-1967
-265
3564
125
7047
-6618
1534
-131
1920
-7214
-3501
638
1038
3992
-1679
-1053
2543
-3271
-2944
1377
5867
-806
-2631
-1247
-2764
2486
1004
5280
-4721
-5076
131
-2541
-2174
6214
-738
-824
-1757
-6727
-5151
598
-4120
4252
4825
916
8995
-2494
4054
378
-6112
1568
5803
8565
3061
5487
-5634
-537
7686
-4611
8492
4304
-6859
-2200
1853
-1420
-6337
-1201
-7501
-1971
8564
-7104
-1968
6925
841
-2677
3520
-1759
-491
-661
-5372
7174
2701
-4686
1662
-4697
6873
814
2069
-2664
-3344
-6067
-836
-141
-5195
-6067
-1974
-6509
540
-6423
-4955
-827
-1837
-8529
6308
-4860
-2209
7580
-272
3228
-9235
9501
-3795
66
-1677
-5057
-1620
5135
-536
-4130
-2424
-4776
-250
-1675
-9218
2660
1356
-4196
378
-6775
-1583
-5927
-7717
5564
3735
-3446
-2451
179
1023
2502
-4313
-4652
4620
-6096
1173
4663
-3617
-384
4556
723
-4074
-1271
-1419
950
-754
-6342
1248
31
2972
-3264
2909
-5608
4730
4587
1460
8032
-3098
-732
400
-868
-1332
-6162
-3285
7646
1709
-1476
-2221
-5497
-764
4301
-1184
257
-1293
-1305
-7302
-3892
-2711
2318
-2318
4904
5910
-2151
-9400
3485
-3699
-1115
2218
8131
-7845
-5571
-2199
4680
5714
3268
3869
3535
6344
-7866
3264
-2702
-1542
-2035
935
4494
4946
-3233
2320
1401
-5907
-1760
583
-455
-5432
-2529
3730
1467
672
-3867
833
-5036
-5393
4764
1831
-5073
-1649
1868
-6397
-267
-2181
5114
6527
-660
2725
3916
1477
-991
-4825
-5264
-3579
-1836
-929
5003
-3101
-1266
-207
2739
6370
-3964
-8014
7367
-2349
2891
214
858
3248
2845
-1200
7784
-2915
2352
2624
3984
-1945
-3952
177
-422
-675
4039
-1173
1251
6975
1206
3501
-331
-6460
2077
1377
3653
-6547
-654
27
398
-1106
5667
480
-1982
