(24576, (2457600010, 2457600057))
(24577, (2457700010, 2457700917))
(24578, (2457800010, 2457800450))
(24579, (2457900010, 2457901310))
(24580, (2458000015, 2458000844))
(24581, (2458100014, 2458100377))
(24582, (2458200014, 2458201236))
(24583, (2458300015, 2458300769))
(24584, (2458400015, 2458400302))
(24585, (2458500015, 2458501162))
(24586, (2458600015, 2458600695))
(24587, (2458700014, 2458700227))
(24588, (2458800013, 2458801087))
(24589, (2458900012, 2458900620))
(24590, (2459000018, 2459000153))
(24591, (2459100016, 2459101013))
(24592, (2459200016, 2459200545))
(24593, (2459300015, 2459300078))
(24594, (2459400014, 2459400938))
(24595, (2459500014, 2459500471))
(24596, (2459600013, 2459600004))
(24597, (2459700013, 2459700864))
(24598, (2459800013, 2459800396))
(24599, (2459900012, 2459901256))
(24600, (2460000017, 2460000790))
(24601, (2460100016, 2460100323))
(24602, (2460200016, 2460201183))
(24603, (2460300016, 2460300715))
(24604, (2460400016, 2460400248))
(24605, (2460500016, 2460501108))
(24606, (2460600014, 2460600641))
(24607, (2460700009, 2460700174))
(24608, (2460800004, 2460801033))
(24609, (2460900000, 2460900566))
(24610, (2461000000, 2461000099))
(24611, (2461099995, 2461100959))
(24612, (2461199990, 2461200492))
(24613, (2461299985, 2461300024))
(24614, (2461399980, 2461400884))
(24615, (2461499976, 2461500417))
(24616, (2461599972, 2461599950))
(24617, (2461699972, 2461700810))
(24618, (2461799972, 2461800342))
(24619, (2461899972, 2461901202))
(24620, (2461999978, 2462000735))
(24621, (2462099977, 2462100268))
(24622, (2462199977, 2462201128))
(24623, (2462299976, 2462300661))
(24624, (2462399976, 2462400193))
(24625, (2462499976, 2462501053))
(24626, (2462599977, 2462600586))
(24627, (2462699978, 2462700119))
(24628, (2462799980, 2462800979))
(24629, (2462899982, 2462900511))
(24630, (2462999989, 2463000044))
(24631, (2463099990, 2463100904))
(24632, (2463199992, 2463200437))
(24633, (2463299994, 2463301297))
(24634, (2463399995, 2463400829))
(24635, (2463499997, 2463500362))
(24636, (2463599998, 2463601222))
(24637, (2463700000, 2463700755))
(24638, (2463800002, 2463800288))
(24639, (2463900004, 2463901147))
(24640, (2464000009, 2464000683))
(24641, (2464100010, 2464100216))
(24642, (2464200012, 2464201076))
(24643, (2464300014, 2464300609))
(24644, (2464400016, 2464400141))
(24645, (2464500018, 2464501001))
(24646, (2464600019, 2464600534))
(24647, (2464700020, 2464700067))
(24648, (2464800021, 2464800927))
(24649, (2464900022, 2464900460))
(24650, (2465000028, 2465001319))
(24651, (2465100028, 2465100852))
(24652, (2465200029, 2465200385))
(24653, (2465300030, 2465301245))
(24654, (2465400030, 2465400778))
(24655, (2465500031, 2465500310))
(24656, (2465600030, 2465601170))
(24657, (2465700025, 2465700703))
(24658, (2465800019, 2465800236))
(24659, (2465900014, 2465901096))
(24660, (2466000014, 2466000628))
(24661, (2466100008, 2466100161))
(24662, (2466200003, 2466201021))
(24663, (2466299998, 2466300554))
(24664, (2466399993, 2466400086))
(24665, (2466499988, 2466500946))
(24666, (2466599984, 2466600479))
(24667, (2466699983, 2466700012))
(24668, (2466799982, 2466800872))
(24669, (2466899980, 2466900405))
(24670, (2466999985, 2466999937))
(24671, (2467099983, 2467100797))
(24672, (2467199982, 2467200330))
(24673, (2467299981, 2467301190))
(24674, (2467399980, 2467400723))
(24675, (2467499979, 2467500255))
(24676, (2467599979, 2467601115))
(24677, (2467699980, 2467700648))
(24678, (2467799981, 2467800181))
(24679, (2467899983, 2467901041))
(24680, (2467999989, 2468000574))
(24681, (2468099989, 2468101434))
(24682, (2468199990, 2468200967))
(24683, (2468299992, 2468300500))
(24684, (2468399993, 2468401360))
(24685, (2468499994, 2468500892))
(24686, (2468599996, 2468600425))
(24687, (2468699998, 2468699958))
(24688, (2468799999, 2468800818))
(24689, (2468900001, 2468900351))
(24690, (2469000007, 2469001211))
(24691, (2469100008, 2469100744))
(24692, (2469200010, 2469200277))
(24693, (2469300011, 2469301137))
(24694, (2469400013, 2469400670))
(24695, (2469500014, 2469500202))
(24696, (2469600016, 2469601062))
(24697, (2469700017, 2469700595))
(24698, (2469800018, 2469800128))
(24699, (2469900018, 2469900988))
(24700, (2470000025, 2470000520))
(24701, (2470100025, 2470100053))
(24702, (2470200026, 2470200913))
(24703, (2470300026, 2470300446))
(24704, (2470400028, 2470399979))
(24705, (2470500028, 2470500838))
(24706, (2470600028, 2470600371))
(24707, (2470700028, 2470699904))
(24708, (2470800027, 2470800764))
(24709, (2470900026, 2470900297))
(24710, (2471000030, 2470999829))
(24711, (2471100029, 2471100690))
(24712, (2471200028, 2471200223))
(24713, (2471300028, 2471301083))
(24714, (2471400027, 2471400616))
(24715, (2471500026, 2471500148))
(24716, (2471600025, 2471601008))
(24717, (2471700024, 2471700541))
(24718, (2471800024, 2471800074))
(24719, (2471900023, 2471900934))
(24720, (2472000028, 2472000466))
(24721, (2472100026, 2472099999))
(24722, (2472200026, 2472200859))
(24723, (2472300025, 2472300392))
(24724, (2472400024, 2472399925))
(24725, (2472500023, 2472500784))
(24726, (2472600022, 2472600317))
(24727, (2472700022, 2472701177))
(24728, (2472800021, 2472800710))
(24729, (2472900020, 2472900243))
(24730, (2473000024, 2473001102))
(24731, (2473100023, 2473100635))
(24732, (2473200022, 2473200168))
(24733, (2473300022, 2473301028))
(24734, (2473400021, 2473400561))
(24735, (2473500020, 2473500093))
(24736, (2473600002, 2473600953))
(24737, (2473700001, 2473700486))
(24738, (2473800000, 2473800019))
(24739, (2473899999, 2473900879))
(24740, (2474000003, 2474000412))
(24741, (2474100002, 2474101272))
(24742, (2474200001, 2474200805))
(24743, (2474300000, 2474300338))
(24744, (2474399999, 2474401198))
(24745, (2474499998, 2474500730))
(24746, (2474599998, 2474600263))
(24747, (2474699997, 2474701123))
(24748, (2474799996, 2474800656))
(24749, (2474899995, 2474900189))
(24750, (2475000000, 2475001049))
(24751, (2475099998, 2475100581))
(24752, (2475199998, 2475200114))
(24753, (2475299997, 2475300974))
(24754, (2475399996, 2475400507))
(24755, (2475499995, 2475500040))
(24756, (2475599994, 2475600899))
(24757, (2475699993, 2475700432))
(24758, (2475799992, 2475801292))
(24759, (2475899990, 2475900825))
(24760, (2475999995, 2476000358))
(24761, (2476099993, 2476101217))
(24762, (2476199992, 2476200750))
(24763, (2476299991, 2476300283))
(24764, (2476399990, 2476401143))
(24765, (2476499988, 2476500676))
(24766, (2476599987, 2476600208))
(24767, (2476699987, 2476701068))
(24768, (2476799986, 2476800601))
(24769, (2476899986, 2476900134))
(24770, (2476999990, 2477000995))
(24771, (2477099990, 2477100527))
(24772, (2477199989, 2477200060))
(24773, (2477299988, 2477300920))
(24774, (2477399988, 2477400453))
(24775, (2477499988, 2477499986))
(24776, (2477599988, 2477600846))
(24777, (2477699987, 2477700378))
(24778, (2477799986, 2477799911))
(24779, (2477899986, 2477900771))
(24780, (2477999991, 2478000304))
(24781, (2478099990, 2478101164))
(24782, (2478199989, 2478200696))
(24783, (2478299988, 2478300229))
(24784, (2478399988, 2478401089))
(24785, (2478499988, 2478500622))
(24786, (2478599987, 2478600154))
(24787, (2478699987, 2478701014))
(24788, (2478799987, 2478800547))
(24789, (2478899987, 2478900080))
(24790, (2478999992, 2479000941))
(24791, (2479099991, 2479100473))
(24792, (2479199991, 2479200006))
(24793, (2479299991, 2479300866))
(24794, (2479399991, 2479400399))
(24795, (2479499991, 2479499932))
(24796, (2479599991, 2479600792))
(24797, (2479699990, 2479700324))
(24798, (2479799990, 2479799857))
(24799, (2479899989, 2479900717))
(24800, (2479999994, 2480000250))
(24801, (2480099993, 2480101110))
(24802, (2480199992, 2480200642))
(24803, (2480299992, 2480300175))
(24804, (2480399991, 2480401035))
(24805, (2480499990, 2480500568))
(24806, (2480599990, 2480600100))
(24807, (2480699990, 2480700960))
(24808, (2480799989, 2480800493))
(24809, (2480899989, 2480900026))
(24810, (2480999994, 2481000887))
(24811, (2481099993, 2481100420))
(24812, (2481199992, 2481201279))
(24813, (2481299992, 2481300812))
(24814, (2481399992, 2481400345))
(24815, (2481499992, 2481501205))
(24816, (2481599992, 2481600738))
(24817, (2481699992, 2481700270))
(24818, (2481799992, 2481801130))
(24819, (2481899992, 2481900663))
(24820, (2481999997, 2482000196))
(24821, (2482099997, 2482101056))
(24822, (2482199997, 2482200588))
(24823, (2482299997, 2482300121))
(24824, (2482399997, 2482400981))
(24825, (2482499997, 2482500514))
(24826, (2482599997, 2482600047))
(24827, (2482699996, 2482700906))
(24828, (2482799996, 2482800439))
(24829, (2482899996, 2482899972))
(24830, (2483000000, 2483000833))
(24831, (2483099999, 2483100366))
(24832, (2483199999, 2483201225))
(24833, (2483299998, 2483300758))
(24834, (2483399998, 2483400291))
(24835, (2483499998, 2483501151))
(24836, (2483599998, 2483600684))
(24837, (2483699997, 2483700216))
(24838, (2483799997, 2483801076))
(24839, (2483899996, 2483900609))
(24840, (2484000002, 2484000142))
(24841, (2484100001, 2484101002))
(24842, (2484200000, 2484200534))
(24843, (2484300000, 2484300067))
(24844, (2484400000, 2484400927))
(24845, (2484499999, 2484500460))
(24846, (2484599999, 2484599993))
(24847, (2484699998, 2484700853))
(24848, (2484799997, 2484800385))
(24849, (2484899996, 2484899918))
(24850, (2485000002, 2485000778))
(24851, (2485100000, 2485100311))
(24852, (2485200000, 2485201171))
(24853, (2485299999, 2485300703))
(24854, (2485399998, 2485400236))
(24855, (2485499997, 2485501096))
(24856, (2485599997, 2485600629))
(24857, (2485699996, 2485701489))
(24858, (2485799996, 2485801022))
(24859, (2485899995, 2485900554))
(24860, (2485999999, 2486001415))
(24861, (2486099998, 2486100948))
(24862, (2486199998, 2486200481))
(24863, (2486299997, 2486301341))
(24864, (2486399997, 2486400873))
(24865, (2486499996, 2486500406))
(24866, (2486599996, 2486599939))
(24867, (2486699995, 2486700799))
(24868, (2486799994, 2486800332))
(24869, (2486899994, 2486899864))
(24870, (2486999999, 2487000724))
(24871, (2487099998, 2487100257))
(24872, (2487199997, 2487201117))
(24873, (2487299997, 2487300650))
(24874, (2487399996, 2487400182))
(24875, (2487499996, 2487501042))
(24876, (2487599995, 2487600575))
(24877, (2487699995, 2487700108))
(24878, (2487799994, 2487800968))
(24879, (2487899994, 2487900501))
(24880, (2487999998, 2488001361))
(24881, (2488099998, 2488100894))
(24882, (2488199997, 2488200427))
(24883, (2488299997, 2488301287))
(24884, (2488399997, 2488400820))
(24885, (2488499996, 2488500352))
(24886, (2488599995, 2488601212))
(24887, (2488699993, 2488700745))
(24888, (2488799990, 2488800278))
(24889, (2488899988, 2488901138))
(24890, (2488999991, 2489000670))
(24891, (2489099988, 2489100203))
(24892, (2489199986, 2489201063))
(24893, (2489299983, 2489300596))
(24894, (2489399980, 2489400129))
(24895, (2489499978, 2489500988))
(24896, (2489599976, 2489600521))
(24897, (2489699976, 2489700054))
(24898, (2489799976, 2489800914))
(24899, (2489899975, 2489900447))
(24900, (2489999980, 2489999979))
(24901, (2490099978, 2490100840))
(24902, (2490199978, 2490200373))
(24903, (2490299978, 2490301233))
(24904, (2490399978, 2490400766))
(24905, (2490499977, 2490500298))
(24906, (2490599977, 2490601158))
(24907, (2490699978, 2490700691))
(24908, (2490799978, 2490800224))
(24909, (2490899978, 2490901084))
(24910, (2490999984, 2491000616))
(24911, (2491099984, 2491100149))
(24912, (2491199985, 2491201009))
(24913, (2491299986, 2491300542))
(24914, (2491399986, 2491400075))
(24915, (2491499986, 2491500934))
(24916, (2491599987, 2491600467))
(24917, (2491699987, 2491700000))
(24918, (2491799988, 2491800860))
(24919, (2491899988, 2491900393))
(24920, (2491999993, 2491999925))
(24921, (2492099993, 2492100786))
(24922, (2492199994, 2492200319))
(24923, (2492299994, 2492301179))
(24924, (2492399995, 2492400712))
(24925, (2492499996, 2492500245))
(24926, (2492599996, 2492601104))
(24927, (2492699996, 2492700637))
(24928, (2492799996, 2492800170))
(24929, (2492899995, 2492901030))
(24930, (2493000001, 2493000563))
(24931, (2493100000, 2493100095))
(24932, (2493200000, 2493200955))
(24933, (2493300000, 2493300488))
(24934, (2493400000, 2493400021))
(24935, (2493500000, 2493500881))
(24936, (2493599999, 2493600413))
(24937, (2493699997, 2493699946))
(24938, (2493799995, 2493800806))
(24939, (2493899993, 2493900339))
(24940, (2493999995, 2494001200))
(24941, (2494099993, 2494100733))
(24942, (2494199991, 2494200265))
(24943, (2494299989, 2494301125))
(24944, (2494399987, 2494400658))
(24945, (2494499985, 2494500191))
(24946, (2494599983, 2494601051))
(24947, (2494699982, 2494700583))
(24948, (2494799981, 2494800116))
(24949, (2494899980, 2494900976))
(24950, (2494999986, 2495000507))
(24951, (2495099985, 2495101367))
(24952, (2495199984, 2495200899))
(24953, (2495299983, 2495300432))
(24954, (2495399982, 2495401292))
(24955, (2495499981, 2495500825))
(24956, (2495599980, 2495600358))
(24957, (2495699980, 2495701218))
(24958, (2495799981, 2495800750))
(24959, (2495899981, 2495900283))
(24960, (2495999986, 2496001144))
(24961, (2496099986, 2496100677))
(24962, (2496199986, 2496200210))
(24963, (2496299986, 2496301069))
(24964, (2496399986, 2496400602))
(24965, (2496499987, 2496500135))
(24966, (2496599987, 2496600995))
(24967, (2496699986, 2496700528))
(24968, (2496799986, 2496800060))
(24969, (2496899986, 2496900920))
(24970, (2496999991, 2497000453))
(24971, (2497099990, 2497099986))
(24972, (2497199989, 2497200846))
(24973, (2497299989, 2497300378))
(24974, (2497399988, 2497401238))
(24975, (2497499988, 2497500771))
(24976, (2497599988, 2497600304))
(24977, (2497699988, 2497701164))
(24978, (2497799988, 2497800697))
(24979, (2497899988, 2497900229))
(24980, (2497999992, 2498001089))
(24981, (2498099992, 2498100622))
(24982, (2498199992, 2498200155))
(24983, (2498299992, 2498301015))
(24984, (2498399992, 2498400547))
(24985, (2498499992, 2498500080))
(24986, (2498599992, 2498600940))
(24987, (2498699992, 2498700473))
(24988, (2498799992, 2498800006))
(24989, (2498899992, 2498900866))
(24990, (2498999998, 2499000398))
(24991, (2499099997, 2499101258))
(24992, (2499199997, 2499200791))
(24993, (2499299997, 2499300324))
(24994, (2499399997, 2499401184))
(24995, (2499499997, 2499500716))
(24996, (2499599997, 2499600249))
(24997, (2499699997, 2499701109))
(24998, (2499799997, 2499800642))
(24999, (2499899997, 2499900175))
(25000, (2500000001, 2500001035))
(25001, (2500100000, 2500100568))
(25002, (2500200000, 2500200101))
(25003, (2500300000, 2500300961))
(25004, (2500400000, 2500400494))
(25005, (2500500000, None))
(25006, (2500600000, None))
(25007, (2500699999, None))
(25008, (2500799998, None))
(25009, (2500899997, None))
(22107, (2210700015, None))
(22108, (2210800014, None))
(22109, (2210900014, None))
(22110, (2211000017, None))
(22111, (2211100016, None))
(22112, (2211200015, None))
(22113, (2211300014, None))
(22114, (2211400013, None))
(22115, (2211500012, None))
(22116, (2211600012, None))
(22117, (2211700011, None))
(22118, (2211800010, None))
(22119, (2211900009, None))
(22120, (2212000014, None))
(22121, (2212100013, None))
(22122, (2212200012, None))
(22123, (2212300012, None))
(22124, (2212400010, None))
(22125, (2212500010, None))
(22126, (2212600009, None))
(22127, (2212700008, None))
(22128, (2212800007, None))
(22129, (2212900006, None))
(22130, (2213000010, None))
(22131, (2213100008, None))
(22132, (2213200008, None))
(22133, (2213300007, None))
(22134, (2213400006, None))
(22135, (2213500005, None))
(22136, (2213600004, None))
(22137, (2213700004, None))
(22138, (2213800002, None))
(22139, (2213900002, None))
(22140, (2214000006, None))
(22141, (2214100005, None))
(22142, (2214200004, None))
(22143, (2214300003, None))
(22144, (2214400002, None))
(22145, (2214500002, None))
(22146, (2214600001, None))
(22147, (2214700000, None))
(22148, (2214799999, None))
(22149, (2214899998, None))
(22150, (2215000002, None))
(22151, (2215100000, None))
(22152, (2215200000, None))
(22153, (2215299999, None))
(22154, (2215399998, None))
(22155, (2215499997, None))
(22156, (2215599996, None))
(22157, (2215699995, None))
(22158, (2215799994, None))
(22159, (2215899994, None))
(22160, (2215999998, None))
(22161, (2216099997, None))
(22162, (2216199996, None))
(22163, (2216299995, None))
(22164, (2216399994, None))
(22165, (2216499993, None))
(22166, (2216599992, None))
(22167, (2216699992, None))
(22168, (2216799991, None))
(22169, (2216899990, None))
(22170, (2216999994, None))
(22171, (2217099992, None))
(22172, (2217199991, None))
(22173, (2217299990, None))
(22174, (2217399990, None))
(22175, (2217499989, None))
(22176, (2217599988, None))
(22177, (2217699988, None))
(22178, (2217799988, None))
(22179, (2217899988, None))
(22180, (2217999994, None))
(22181, (2218099993, None))
(22182, (2218199993, None))
(22183, (2218299992, None))
(22184, (2218399992, None))
(22185, (2218499992, None))
(22186, (2218599992, None))
(22187, (2218699992, None))
(22188, (2218799992, None))
(22189, (2218899992, None))
(22190, (2218999996, None))
(22191, (2219099995, None))
(22192, (2219199995, None))
(22193, (2219299995, None))
(22194, (2219399995, None))
(22195, (2219499995, None))
(22196, (2219599994, None))
(22197, (2219699994, None))
(22198, (2219799994, None))
(22199, (2219899994, None))
(22200, (2219999999, None))
(22201, (2220099998, None))
(22202, (2220199998, None))
(22203, (2220299998, None))
(22204, (2220399998, None))
(22205, (2220499998, None))
(22206, (2220600007, None))
(22207, (2220700006, None))
(22208, (2220800006, None))
(22209, (2220900006, None))
(22210, (2221000010, None))
(22211, (2221100010, None))
(22212, (2221200010, None))
(22213, (2221300010, None))
(22214, (2221400009, None))
(22215, (2221500009, None))
(22216, (2221600009, None))
(22217, (2221700009, None))
(22218, (2221800008, None))
(22219, (2221900008, None))
(22220, (2222000014, None))
(22221, (2222100013, None))
(22222, (2222200013, None))
(22223, (2222300012, None))
(22224, (2222400012, None))
(22225, (2222500012, None))
(22226, (2222600012, None))
(22227, (2222700012, None))
(22228, (2222800012, None))
(22229, (2222900012, None))
(22230, (2223000016, None))
(22231, (2223100016, None))
(22232, (2223200016, None))
(22233, (2223300016, None))
(22234, (2223400016, None))
(22235, (2223500016, None))
(22236, (2223600015, None))
(22237, (2223700015, None))
(22238, (2223800014, None))
(22239, (2223900014, None))
(22240, (2224000018, None))
(22241, (2224100018, None))
(22242, (2224200017, None))
(22243, (2224300016, None))
(22244, (2224400016, None))
(22245, (2224500015, None))
(22246, (2224600015, None))
(22247, (2224700014, None))
(22248, (2224800014, None))
(22249, (2224900014, None))
(22250, (2225000019, None))
(22251, (2225100018, None))
(22252, (2225200018, None))
(22253, (2225300017, None))
(22254, (2225400017, None))
(22255, (2225500016, None))
(22256, (2225600016, None))
(22257, (2225700016, None))
(22258, (2225800016, None))
(22259, (2225900016, None))
(22260, (2226000020, None))
(22261, (2226100019, None))
(22262, (2226200019, None))
(22263, (2226300018, None))
(22264, (2226400018, None))
(22265, (2226500018, None))
(22266, (2226600018, None))
(22267, (2226700017, None))
(22268, (2226800017, None))
(22269, (2226900016, None))
(22270, (2227000022, None))
(22271, (2227100020, None))
(22272, (2227200020, None))
(22273, (2227300019, None))
(22274, (2227400019, None))
(22275, (2227500018, None))
(22276, (2227600018, None))
(22277, (2227700016, None))
(22278, (2227800015, None))
(22279, (2227900014, None))
(22280, (2228000018, None))
(22281, (2228100016, None))
(22282, (2228200014, None))
(22283, (2228300014, None))
(22284, (2228400012, None))
(22285, (2228500011, None))
(22286, (2228600010, None))
(22287, (2228700010, None))
(22288, (2228800010, None))
(22289, (2228900009, None))
(22290, (2229000014, None))
(22291, (2229100013, None))
(22292, (2229200012, None))
(22293, (2229300012, None))
(22294, (2229400012, None))
(22295, (2229500011, None))
(22296, (2229600011, None))
(22297, (2229700011, None))
(22298, (2229800011, None))
(22299, (2229900011, None))
(22300, (2230000015, None))
(22301, (2230100014, None))
(22302, (2230200014, None))
(22303, (2230300014, None))
(22304, (2230400014, None))
(22305, (2230500014, None))
(22306, (2230600014, None))
(22307, (2230700013, None))
(22308, (2230800012, None))
(22309, (2230900010, None))
(22310, (2231000015, None))
(22311, (2231100014, None))
(22312, (2231200012, None))
(22313, (2231300012, None))
(22314, (2231400010, None))
(22315, (2231500009, None))
(22316, (2231600009, None))
(22317, (2231700008, None))
(22318, (2231800008, None))
(22319, (2231900007, None))
(22320, (2232000012, None))
(22321, (2232100012, None))
(22322, (2232200011, None))
(22323, (2232300010, None))
(22324, (2232400010, None))
(22325, (2232500010, None))
(22326, (2232600010, None))
(22327, (2232700010, None))
(22328, (2232800010, None))
(22329, (2232900010, None))
(22330, (2233000015, None))
(22331, (2233100014, None))
(22332, (2233200014, None))
(22333, (2233300014, None))
(22334, (2233400014, None))
(22335, (2233500014, None))
(22336, (2233600014, None))
(22337, (2233700014, None))
(22338, (2233800014, None))
(22339, (2233900014, None))
(22340, (2234000019, None))
(22341, (2234100019, None))
(22342, (2234200019, None))
(22343, (2234300019, None))
(22344, (2234400019, None))
(22345, (2234500019, None))
(22346, (2234600019, None))
(22347, (2234700018, None))
(22348, (2234800018, None))
(22349, (2234900018, None))
(22350, (2235000023, None))
(22351, (2235100022, None))
(22352, (2235200022, None))
(22353, (2235300022, None))
(22354, (2235400022, None))
(22355, (2235500021, None))
(22356, (2235600021, None))
(22357, (2235700020, None))
(22358, (2235800020, 2235800650))
(22359, (2235900020, 2235900182))
(22360, (2236000024, 2236001043))
(22361, (2236100023, 2236100576))
(22362, (2236200023, 2236200109))
(22363, (2236300023, 2236300969))
(22364, (2236400022, 2236400501))
(22365, (2236500022, 2236500034))
(22366, (2236600006, 2236600894))
(22367, (2236700006, 2236700427))
(22368, (2236800006, 2236799960))
(22369, (2236900005, 2236900820))
(22370, (2237000010, 2237000352))
(22371, (2237100010, 2237101212))
(22372, (2237200009, 2237200745))
(22373, (2237300009, 2237300278))
(22374, (2237400008, 2237401138))
(22375, (2237500008, 2237500670))
(22376, (2237600008, 2237600203))
(22377, (2237700008, 2237700217))
(22378, (2237800007, 2237801077))
(22379, (2237900007, 2237900609))
(22380, (2238000011, 2238000144))
(22381, (2238100010, 2238101004))
(22382, (2238200010, 2238200537))
(22383, (2238300010, 2238300070))
(22384, (2238400009, 2238400930))
(22385, (2238500009, 2238500462))
(22386, (2238600009, 2238599995))
(22387, (2238700009, 2238700855))
(22388, (2238800010, 2238800388))
(22389, (2238900010, 2238901248))
(22390, (2239000016, 2239000780))
(22391, (2239100015, 2239100313))
(22392, (2239200015, 2239201173))
(22393, (2239300016, 2239300706))
(22394, (2239400016, 2239400239))
(22395, (2239500016, 2239501099))
(22396, (2239600016, 2239600631))
(22397, (2239700015, 2239700164))
(22398, (2239800015, 2239801024))
(22399, (2239900014, 2239900557))
(22400, (2240000018, 2240000091))
(22401, (2240100018, 2240100951))
(22402, (2240200017, 2240200483))
(22403, (2240300017, 2240300016))
(22404, (2240400016, 2240400876))
(22405, (2240500016, 2240500409))
(22406, (2240600016, 2240601269))
(22407, (2240700015, 2240700801))
(22408, (2240800015, 2240800334))
(22409, (2240900015, 2240901194))
(22410, (2241000020, 2241000727))
(22411, (2241100020, 2241100260))
(22412, (2241200020, 2241201119))
(22413, (2241300019, 2241300652))
(22414, (2241400019, 2241400185))
(22415, (2241500019, 2241501045))
(22416, (2241600019, 2241600578))
(22417, (2241700019, 2241700110))
(22418, (2241800018, 2241800970))
(22419, (2241900018, 2241900503))
(22420, (2242000023, 2242000037))
(22421, (2242100022, 2242100897))
(22422, (2242200022, 2242200430))
(22423, (2242300022, 2242299962))
(22424, (2242400022, 2242400822))
(22425, (2242500022, 2242500355))
(22426, (2242600005, 2242599888))
(22427, (2242700005, 2242700748))
(22428, (2242800005, 2242800280))
(22429, (2242900005, 2242901140))
(22430, (2243000009, 2243000674))
(22431, (2243100008, 2243100207))
(22432, (2243200008, 2243201067))
(22433, (2243300008, 2243300600))
(22434, (2243400008, 2243401459))
(22435, (2243500008, 2243500992))
(22436, (2243600008, 2243600525))
(22437, (2243700008, 2243701385))
(22438, (2243800008, 2243800918))
(22439, (2243900008, 2243900450))
(22440, (2244000014, 2243999983))
(22441, (2244100013, 2244100842))
(22442, (2244200013, 2244200375))
(22443, (2244300013, 2244299908))
(22444, (2244400013, 2244400768))
(22445, (2244500012, 2244500300))
(22446, (2244600012, 2244599833))
(22447, (2244700012, 2244700693))
(22448, (2244800011, 2244800226))
(22449, (2244900011, 2244901086))
(22450, (2245000015, 2245000619))
(22451, (2245100014, 2245100152))
(22452, (2245200014, 2245201012))
(22453, (2245300013, 2245300545))
(22454, (2245400012, 2245401405))
(22455, (2245500012, 2245500938))
(22456, (2245600012, 2245600470))
(22457, (2245700011, 2245701330))
(22458, (2245800010, 2245800863))
(22459, (2245900010, 2245900396))
(22460, (2246000015, 2246001256))
(22461, (2246100014, 2246100788))
(22462, (2246200014, 2246200321))
(22463, (2246300013, 2246301181))
(22464, (2246400012, 2246400714))
(22465, (2246500012, 2246500247))
(22466, (2246600011, 2246601106))
(22467, (2246700010, 2246700639))
(22468, (2246800010, 2246800172))
(22469, (2246900009, 2246901032))
(22470, (2247000013, 2247000566))
(22471, (2247100012, 2247100098))
(22472, (2247200011, 2247200958))
(22473, (2247300010, 2247300491))
(22474, (2247400010, 2247401351))
(22475, (2247500009, 2247500884))
(22476, (2247600008, 2247600416))
(22477, (2247700008, 2247701276))
(22478, (2247800008, 2247800809))
(22479, (2247900007, 2247900342))
(22480, (2248000012, 2248001202))
(22481, (2248100012, 2248100735))
(22482, (2248200011, 2248200267))
(22483, (2248300010, 2248301127))
(22484, (2248400010, 2248400660))
(22485, (2248500010, 2248500193))
(22486, (2248600009, 2248601053))
(22487, (2248700008, 2248700585))
(22488, (2248800008, 2248800118))
(22489, (2248900008, 2248900978))
(22490, (2249000011, 2249000512))
(22491, (2249100010, 2249100045))
(22492, (2249200010, 2249200904))
(22493, (2249300009, 2249300437))
(22494, (2249400008, 2249399970))
(22495, (2249500008, 2249500830))
(22496, (2249600007, 2249600363))
(22497, (2249700006, 2249701223))
(22498, (2249800006, 2249800755))
(22499, (2249900005, 2249900288))
(22500, (2250000010, 2250001148))
(22501, (2250100008, 2250100681))
(22502, (2250200008, 2250200214))
(22503, (2250300007, 2250301073))
(22504, (2250400006, 2250400606))
(22505, (2250500006, 2250500139))
(22506, (2250600002, 2250600999))
(22507, (2250699998, 2250700532))
(22508, (2250799993, 2250800064))
(22509, (2250899988, 2250900924))
(22510, (2250999988, 2251000458))
(22511, (2251099983, 2251099991))
(22512, (2251199978, 2251200851))
(22513, (2251299974, 2251300384))
(22514, (2251399969, 2251399916))
(22515, (2251499964, 2251500776))
(22516, (2251599962, 2251600309))
(22517, (2251699961, 2251701169))
(22518, (2251799960, 2251800702))
(22519, (2251899959, 2251900234))
(22520, (2251999964, 2252001094))
(22521, (2252099962, 2252100627))
(22522, (2252199962, 2252200160))
(22523, (2252299961, 2252301020))
(22524, (2252399960, 2252400552))
(22525, (2252499959, 2252500085))
(22526, (2252599960, 2252600945))
(22527, (2252699961, 2252700478))
(22528, (2252799963, 2252801338))
(22529, (2252899964, 2252900870))
(22530, (2252999970, 2253000404))
(22531, (2253099972, 2253101264))
(22532, (2253199973, 2253200797))
(22533, (2253299975, 2253300330))
(22534, (2253399976, 2253401190))
(22535, (2253499978, 2253500722))
(22536, (2253599979, 2253600255))
(22537, (2253699980, 2253701115))
(22538, (2253799981, 2253800648))
(22539, (2253899982, 2253900180))
(22540, (2253999988, 2254001040))
(22541, (2254099989, 2254100573))
(22542, (2254199990, 2254200106))
(22543, (2254299991, 2254300966))
(22544, (2254399992, 2254400499))
(22545, (2254499993, 2254500031))
(22546, (2254599994, 2254600891))
(22547, (2254699995, 2254700424))
(22548, (2254799996, 2254799957))
(22549, (2254899997, 2254900817))
(22550, (2255000002, 2255000350))
(22551, (2255100003, 2255101210))
(22552, (2255200004, 2255200743))
(22553, (2255300005, 2255300276))
(22554, (2255400006, 2255401136))
(22555, (2255500007, 2255500669))
(22556, (2255599975, 2255600201))
(22557, (2255699976, 2255701061))
(22558, (2255799977, 2255800594))
(22559, (2255899978, 2255900127))
(22560, (2255999986, 2256000986))
(22561, (2256099986, 2256100518))
(22562, (2256199987, 2256200051))
(22563, (2256299988, 2256300911))
(22564, (2256399989, 2256400444))
(22565, (2256499990, 2256499977))
(22566, (2256599991, 2256600836))
(22567, (2256699992, 2256700369))
(22568, (2256799992, 2256801229))
(22569, (2256899994, 2256900762))
(22570, (2256999999, 2257000296))
(22571, (2257100000, 2257101156))
(22572, (2257200000, 2257200688))
(22573, (2257300001, 2257300221))
(22574, (2257400002, 2257401081))
(22575, (2257500003, 2257500614))
(22576, (2257600004, 2257600147))
(22577, (2257700004, 2257701006))
(22578, (2257800004, 2257800539))
(22579, (2257900004, 2257900072))
(22580, (2258000008, 2258000933))
(22581, (2258100008, 2258100466))
(22582, (2258200008, 2258199998))
(22583, (2258300008, 2258300858))
(22584, (2258400008, 2258400391))
(22585, (2258500008, 2258499924))
(22586, (2258600007, 2258600784))
(22587, (2258700007, 2258700316))
(22588, (2258800006, 2258801176))
(22589, (2258900006, 2258900709))
(22590, (2259000011, 2259000243))
(22591, (2259100010, 2259101103))
(22592, (2259200010, 2259200636))
(22593, (2259300009, 2259300168))
(22594, (2259400009, 2259401028))
(22595, (2259500008, 2259500561))
(22596, (2259600008, 2259600094))
(22597, (2259700007, 2259700954))
(22598, (2259800006, 2259800486))
(22599, (2259900006, 2259900019))
(22600, (2260000010, 2260000879))
(22601, (2260100008, 2260100412))
(22602, (2260200008, 2260199945))
(22603, (2260300007, 2260300804))
(22604, (2260400006, 2260400337))
(22605, (2260500006, 2260499870))
(22606, (2260600005, 2260600730))
(22607, (2260700004, 2260700263))
(22608, (2260800002, 2260801122))
(22609, (2260900001, 2260900655))
(22610, (2261000005, 2261000189))
(22611, (2261100003, 2261101049))
(22612, (2261200002, 2261200582))
(22613, (2261300000, 2261300114))
(22614, (2261399999, 2261400974))
(22615, (2261499998, 2261500507))
(22616, (2261599997, 2261601367))
(22617, (2261699997, 2261700900))
(22618, (2261799996, 2261800432))
(22619, (2261899996, 2261901292))
(22620, (2262000000, 2262000826))
(22621, (2262099999, 2262100359))
(22622, (2262199999, 2262201219))
(22623, (2262299998, 2262300752))
(22624, (2262399998, 2262400284))
(22625, (2262499998, 2262501144))
(22626, (2262599998, 2262600677))
(22627, (2262699997, 2262700210))
(22628, (2262799997, 2262801070))
(22629, (2262899997, 2262900602))
(22630, (2263000002, 2263000135))
(22631, (2263100002, 2263100995))
(22632, (2263200002, 2263200528))
(22633, (2263300001, 2263300061))
(22634, (2263400001, 2263400920))
(22635, (2263500001, 2263500453))
(22636, (2263600001, 2263601313))
(22637, (2263700001, 2263700846))
(22638, (2263800001, 2263800379))
(22639, (2263900000, 2263901239))
(22640, (2264000005, 2264000772))
(22641, (2264100004, 2264100305))
(22642, (2264200004, 2264201165))
(22643, (2264300004, 2264300698))
(22644, (2264400004, 2264400231))
(22645, (2264500004, 2264501090))
(22646, (2264600004, 2264600623))
(22647, (2264700004, 2264700156))
(22648, (2264800003, 2264801016))
(22649, (2264900003, 2264900549))
(22650, (2265000008, 2265000081))
(22651, (2265100008, 2265100941))
(22652, (2265200007, 2265200474))
(22653, (2265300007, 2265300007))
(22654, (2265400006, 2265400867))
(22655, (2265500006, 2265500399))
(22656, (2265600006, 2265599932))
(22657, (2265700006, 2265700792))
(22658, (2265800005, 2265800325))
(22659, (2265900005, 2265901185))
(22660, (2266000010, 2266000717))
(22661, (2266100009, 2266100250))
(22662, (2266200009, 2266201110))
(22663, (2266300008, 2266300643))
(22664, (2266400008, 2266400176))
(22665, (2266500008, 2266501035))
(22666, (2266600007, 2266600568))
(22667, (2266700006, 2266700101))
(22668, (2266800006, 2266800961))
(22669, (2266900006, 2266900494))
(22670, (2267000010, 2267000026))
(22671, (2267100010, 2267100886))
(22672, (2267200009, 2267200419))
(22673, (2267300008, 2267299952))
(22674, (2267400008, 2267400812))
(22675, (2267500007, 2267500344))
(22676, (2267600006, 2267601204))
(22677, (2267700006, 2267700737))
(22678, (2267800004, 2267800270))
(22679, (2267900004, 2267901130))
(22680, (2268000007, 2268000663))
(22681, (2268100006, 2268100196))
(22682, (2268200004, 2268201056))
(22683, (2268300004, 2268300589))
(22684, (2268400002, 2268400122))
(22685, (2268500002, 2268500982))
(22686, (2268599998, 2268600514))
(22687, (2268699994, 2268700047))
(22688, (2268799989, 2268800907))
(22689, (2268899984, 2268900440))
(22690, (2268999985, 2268999972))
(22691, (2269099980, 2269100832))
(22692, (2269199975, 2269200365))
(22693, (2269299971, 2269301225))
(22694, (2269399966, 2269400758))
(22695, (2269499961, 2269500291))
(22696, (2269599959, 2269601150))
(22697, (2269699959, 2269700683))
(22698, (2269799959, 2269800216))
(22699, (2269899959, 2269901076))
(22700, (2269999963, 2270000610))
(22701, (2270099962, 2270100142))
(22702, (2270199962, 2270201002))
(22703, (2270299962, 2270300535))
(22704, (2270399962, 2270400068))
(22705, (2270499962, 2270500928))
(22706, (2270599962, 2270600460))
(22707, (2270699964, 2270699993))
(22708, (2270799966, 2270800853))
(22709, (2270899968, 2270900386))
(22710, (2270999975, 2271001247))
(22711, (2271099976, 2271100780))
(22712, (2271199978, 2271200312))
(22713, (2271299979, 2271301172))
(22714, (2271399981, 2271400705))
(22715, (2271499983, 2271500238))
(22716, (2271599984, 2271601098))
(22717, (2271699986, 2271700630))
(22718, (2271799987, 2271800163))
(22719, (2271899988, 2271901023))
(22720, (2271999994, 2272000557))
(22721, (2272099995, 2272100090))
(22722, (2272199996, 2272200949))
(22723, (2272299998, 2272300482))
(22724, (2272399999, 2272400015))
(22725, (2272500000, 2272500875))
(22726, (2272600000, 2272600408))
(22727, (2272699998, 2272699940))
(22728, (2272799996, 2272800800))
(22729, (2272899995, 2272900333))
(22730, (2272999999, 2273001193))
(22731, (2273099996, 2273100726))
(22732, (2273199995, 2273200258))
(22733, (2273299993, 2273301118))
(22734, (2273399992, 2273400651))
(22735, (2273499990, 2273500184))
(22736, (2273599988, 2273601044))
(22737, (2273699987, 2273700576))
(22738, (2273799986, 2273801436))
(22739, (2273899985, 2273900969))
(22740, (2273999990, 2274000502))
(22741, (2274099988, 2274100035))
(22742, (2274199987, 2274200894))
(22743, (2274299986, 2274300427))
(22744, (2274399984, 2274399960))
(22745, (2274499984, 2274500820))
(22746, (2274599983, 2274600353))
(22747, (2274699984, 2274699885))
(22748, (2274799984, 2274800745))
(22749, (2274899984, 2274900278))
(22750, (2274999987, 2274999811))
(22751, (2275099986, 2275100674))
(22752, (2275199986, 2275200206))
(22753, (2275299987, 2275301066))
(22754, (2275399987, 2275400599))
(22755, (2275499988, 2275500132))
(22756, (2275599988, 2275600992))
(22757, (2275699989, 2275700524))
(22758, (2275799990, 2275801384))
(22759, (2275899990, 2275900917))
(22760, (2275999998, 2276000448))
(22761, (2276099999, 2276101308))
(22762, (2276200000, 2276200841))
(22763, (2276300000, 2276300373))
(22764, (2276400001, 2276399906))
(22765, (2276500002, 2276500766))
(22766, (2276600002, 2276600299))
(22767, (2276700002, 2276699831))
(22768, (2276800002, 2276800691))
(22769, (2276900003, 2276900224))
(22770, (2277000008, 2277001085))
(22771, (2277100007, 2277100618))
(22772, (2277200008, 2277200151))
(22773, (2277300008, 2277301010))
(22774, (2277400008, 2277400543))
(22775, (2277500008, 2277500076))
(22776, (2277600008, 2277600936))
(22777, (2277700008, 2277700469))
(22778, (2277800008, 2277801328))
(22779, (2277900007, 2277900861))
(22780, (2278000012, 2278000394))
(22781, (2278100012, 2278101254))
(22782, (2278200012, 2278200787))
(22783, (2278300011, 2278300319))
(22784, (2278400011, 2278401179))
(22785, (2278500011, 2278500712))
(22786, (2278600010, 2278600245))
(22787, (2278700010, 2278701105))
(22788, (2278800009, 2278800638))
(22789, (2278900008, 2278900170))
(22790, (2279000012, 2279001031))
(22791, (2279100010, 2279100564))
(22792, (2279200010, 2279200097))
(22793, (2279300009, 2279300957))
(22794, (2279400008, 2279400489))
(22795, (2279500008, 2279500022))
(22796, (2279600007, 2279600882))
(22797, (2279700006, 2279700415))
(22798, (2279800006, 2279801275))
(22799, (2279900005, 2279900807))
(22800, (2280000010, 2280000340))
(22801, (2280100009, 2280101200))
(22802, (2280200008, 2280200733))
(22803, (2280300008, 2280300266))
(22804, (2280400007, 2280401125))
(22805, (2280500007, 2280500658))
(22806, (2280600006, 2280600191))
(22807, (2280700005, 2280701051))
(22808, (2280800004, 2280800584))
(22809, (2280900004, 2280900116))
(22810, (2281000008, 2281000978))
(22811, (2281100006, 2281100511))
(22812, (2281200006, 2281200044))
(22813, (2281300005, 2281300904))
(22814, (2281400004, 2281400436))
(22815, (2281500004, 2281499969))
(22816, (2281600003, 2281600829))
(22817, (2281700002, 2281700362))
(22818, (2281800002, 2281801222))
(22819, (2281900002, 2281900755))
(22820, (2282000007, 2282000287))
(22821, (2282100006, 2282101147))
(22822, (2282200005, 2282200680))
(22823, (2282300005, 2282300213))
(22824, (2282400004, 2282401073))
(22825, (2282500004, 2282500605))
(22826, (2282600004, 2282600138))
(22827, (2282700003, 2282700998))
(22828, (2282800002, 2282800531))
(22829, (2282900002, 2282900064))
(22830, (2283000006, 2283000924))
(22831, (2283100004, 2283100457))
(22832, (2283200004, 2283199990))
(22833, (2283300003, 2283300850))
(22834, (2283400002, 2283400383))
(22835, (2283500002, 2283501243))
(22836, (2283600001, 2283600775))
(22837, (2283700001, 2283700308))
(22838, (2283800001, 2283801168))
(22839, (2283900000, 2283900701))
(22840, (2284000006, 2284000234))
(22841, (2284100005, 2284101093))
(22842, (2284200004, 2284200626))
(22843, (2284300004, 2284300159))
(22844, (2284400004, 2284401019))
(22845, (2284500004, 2284500552))
(22846, (2284600003, 2284600084))
(22847, (2284700003, 2284700944))
(22848, (2284800002, 2284800477))
(22849, (2284900002, 2284900010))
(22850, (2285000007, 2285000870))
(22851, (2285100006, 2285100402))
(22852, (2285200006, 2285199935))
(22853, (2285300006, 2285300795))
(22854, (2285400005, 2285400328))
(22855, (2285500005, 2285501188))
(22856, (2285600004, 2285600720))
(22857, (2285700004, 2285700253))
(22858, (2285800004, 2285801113))
(22859, (2285900004, 2285900646))
(22860, (2286000009, 2286000179))
(22861, (2286100008, 2286101038))
(22862, (2286200008, 2286200571))
(22863, (2286300007, 2286300104))
(22864, (2286400007, 2286400964))
(22865, (2286500007, 2286500497))
(22866, (2286600004, 2286600029))
(22867, (2286699998, 2286700889))
(22868, (2286799993, 2286800422))
(22869, (2286899988, 2286899955))
(22870, (2286999988, 2287000816))
(22871, (2287099982, 2287100348))
(22872, (2287199977, 2287201208))
(22873, (2287299972, 2287300741))
(22874, (2287399966, 2287400274))
(22875, (2287499961, 2287501134))
(22876, (2287599958, 2287600666))
(22877, (2287699957, 2287700199))
(22878, (2287799956, 2287801059))
(22879, (2287899954, 2287900592))
(22880, (2287999958, 2288000126))
(22881, (2288099956, 2288100985))
(22882, (2288199955, 2288200518))
(22883, (2288299954, 2288300051))
(22884, (2288399952, 2288400911))
(22885, (2288499951, 2288500444))
(22886, (2288599952, 2288599976))
(22887, (2288699954, 2288700836))
(22888, (2288799956, 2288800369))
(22889, (2288899958, 2288899902))
(22890, (2288999966, 2289000762))
(22891, (2289099968, 2289100295))
(22892, (2289199970, 2289201154))
(22893, (2289299972, 2289300687))
(22894, (2289399974, 2289400220))
(22895, (2289499976, 2289501080))
(22896, (2289599978, 2289600613))
(22897, (2289699980, 2289700145))
(22898, (2289799981, 2289801005))
(22899, (2289899983, 2289900538))
(22900, (2289999990, 2290000072))
(22901, (2290099991, 2290100932))
(22902, (2290199992, 2290200464))
(22903, (2290299994, 2290299997))
(22904, (2290399996, 2290400857))
(22905, (2290499997, 2290500390))
(22906, (2290599998, 2290599922))
(22907, (2290699999, 2290700782))
(22908, (2290800000, 2290800315))
(22909, (2290900000, 2290901175))
(22910, (2291000006, 2291000709))
(22911, (2291100006, 2291100241))
(22912, (2291200007, 2291201101))
(22913, (2291300008, 2291300634))
(22914, (2291400008, 2291400167))
(22915, (2291500009, 2291501027))
(22916, (2291600009, 2291600559))
(22917, (2291700007, 2291700092))
(22918, (2291800006, 2291800952))
(22919, (2291900004, 2291900485))
(22920, (2292000008, 2292001346))
(22921, (2292100006, 2292100878))
(22922, (2292200004, 2292200411))
(22923, (2292300002, 2292301271))
(22924, (2292400001, 2292400804))
(22925, (2292500000, 2292500337))
(22926, (2292599998, 2292599869))
(22927, (2292699998, 2292700729))
(22928, (2292799997, 2292800262))
(22929, (2292899996, 2292901122))
(22930, (2293000001, 2293000655))
(22931, (2293100000, 2293100187))
(22932, (2293199999, 2293201047))
(22933, (2293299998, 2293300580))
(22934, (2293399998, 2293400113))
(22935, (2293499997, 2293500973))
(22936, (2293599996, 2293600505))
(22937, (2293699996, 2293701365))
(22938, (2293799996, 2293800898))
(22939, (2293899996, 2293900431))
(22940, (2294000000, 2294001292))
(22941, (2294100000, 2294100824))
(22942, (2294199999, 2294200357))
(22943, (2294299999, 2294301217))
(22944, (2294399999, 2294400750))
(22945, (2294499999, 2294500283))
(22946, (2294599998, 2294601142))
(22947, (2294699998, 2294700675))
(22948, (2294799998, 2294800208))
(22949, (2294899998, 2294901068))
(22950, (2295000005, 2295000600))
(22951, (2295100004, 2295100132))
(22952, (2295200004, 2295200992))
(22953, (2295300004, 2295300525))
(22954, (2295400004, 2295400058))
(22955, (2295500004, 2295500918))
(22956, (2295600004, 2295600450))
(22957, (2295700004, 2295699983))
(22958, (2295800004, 2295800843))
(22959, (2295900004, 2295900376))
(22960, (2296000008, 2296001237))
(22961, (2296100008, 2296100770))
(22962, (2296200008, 2296200302))
(22963, (2296300008, 2296301162))
(22964, (2296400008, 2296400695))
(22965, (2296500007, 2296500228))
(22966, (2296600008, 2296601088))
(22967, (2296700008, 2296700620))
(22968, (2296800008, 2296800153))
(22969, (2296900008, 2296901013))
(22970, (2297000014, 2297000546))
(22971, (2297100013, 2297100079))
(22972, (2297200012, 2297200939))
(22973, (2297300012, 2297300471))
(22974, (2297400012, 2297400004))
(22975, (2297500012, 2297500864))
(22976, (2297600012, 2297600397))
(22977, (2297700012, 2297699930))
(22978, (2297800012, 2297800789))
(22979, (2297900012, 2297900322))
(22980, (2298000016, 2298001183))
(22981, (2298100016, 2298100716))
(22982, (2298200016, 2298200249))
(22983, (2298300016, 2298301109))
(22984, (2298400016, 2298400641))
(22985, (2298500016, 2298500174))
(22986, (2298600016, 2298601034))
(22987, (2298700015, 2298700567))
(22988, (2298800014, 2298800099))
(22989, (2298900014, 2298900959))
(22990, (2299000019, 2299000492))
(22991, (2299100018, 2299100025))
(22992, (2299200018, 2299200885))
(22993, (2299300018, 2299300418))
(22994, (2299400017, 2299399950))
(22995, (2299500017, 2299500810))
(22996, (2299600016, 2299600343))
(22997, (2299700016, 2299699876))
(22998, (2299800015, 2299800736))
(22999, (2299900015, 2299900268))
(23000, (2300000019, 2300001129))
(23001, (2300100018, 2300100662))
(23002, (2300200017, 2300200195))
(23003, (2300300017, 2300301055))
(23004, (2300400016, 2300400587))
(23005, (2300500016, 2300500120))
(23006, (2300600015, 2300600980))
(23007, (2300700014, 2300700513))
(23008, (2300800014, 2300800046))
(23009, (2300900013, 2300900906))
(23010, (2301000018, 2301000438))
(23011, (2301100017, 2301101298))
(23012, (2301200016, 2301200831))
(23013, (2301300016, 2301300364))
(23014, (2301400015, 2301401224))
(23015, (2301500014, 2301500756))
(23016, (2301600014, 2301600289))
(23017, (2301700013, 2301701149))
(23018, (2301800013, 2301800682))
(23019, (2301900012, 2301900215))
(23020, (2302000016, 2302001076))
(23021, (2302100016, 2302100608))
(23022, (2302200015, 2302200141))
(23023, (2302300014, 2302301001))
(23024, (2302400014, 2302400534))
(23025, (2302500014, 2302500067))
(23026, (2302600013, 2302600926))
(23027, (2302700012, 2302700459))
(23028, (2302800012, 2302799992))
(23029, (2302900011, 2302900852))
(23030, (2303000017, 2303000385))
(23031, (2303100016, 2303101244))
(23032, (2303200016, 2303200777))
(23033, (2303300015, 2303300310))
(23034, (2303400014, 2303401170))
(23035, (2303500014, 2303500703))
(23036, (2303600013, 2303600235))
(23037, (2303700012, 2303701095))
(23038, (2303800011, 2303800628))
(23039, (2303900010, 2303900161))
(23040, (2304000012, 2304001023))
(23041, (2304100010, 2304100556))
(23042, (2304200009, 2304200088))
(23043, (2304300008, 2304300948))
(23044, (2304400007, 2304400481))
(23045, (2304500006, 2304500014))
(23046, (2304600006, 2304600874))
(23047, (2304700005, 2304700406))
(23048, (2304800004, 2304799939))
(23049, (2304900004, 2304900799))
(23050, (2305000010, 2305000326))
(23051, (2305100014, 2305099859))
(23052, (2305200014, 2305200718))
(23053, (2305300013, 2305300251))
(23054, (2305400012, 2305401111))
(23055, (2305500012, 2305500644))
(23056, (2305600012, 2305600177))
(23057, (2305700012, 2305701037))
(23058, (2305800015, 2305800569))
(23059, (2305900016, 2305900102))
(23060, (2306000020, 2306000960))
(23061, (2306100020, 2306100493))
(23062, (2306200020, 2306200026))
(23063, (2306300020, 2306300885))
(23064, (2306400020, 2306400418))
(23065, (2306500021, 2306499951))
(23066, (2306600021, 2306600811))
(23067, (2306700020, 2306700344))
(23068, (2306800020, 2306799876))
(23069, (2306900020, 2306900736))
(23070, (2307000012, 2307000282))
(23071, (2307100011, 2307101142))
(23072, (2307200011, 2307200675))
(23073, (2307300010, 2307300207))
(23074, (2307400010, 2307401067))
(23075, (2307500010, 2307500600))
(23076, (2307600009, 2307600133))
(23077, (2307700009, 2307700993))
(23078, (2307800008, 2307800525))
(23079, (2307900008, 2307900058))
(23080, (2308000015, 2308000916))
(23081, (2308100014, 2308100449))
(23082, (2308200014, 2308201309))
(23083, (2308300014, 2308300842))
(23084, (2308400013, 2308400374))
(23085, (2308500013, 2308501234))
(23086, (2308599998, 2308600767))
(23087, (2308699998, 2308700300))
(23088, (2308799998, 2308801160))
(23089, (2308899997, 2308900692))
(23090, (2309000001, 2309000226))
(23091, (2309100000, 2309101086))
(23092, (2309200000, 2309200619))
(23093, (2309300000, 2309300152))
(23094, (2309399999, 2309401012))
(23095, (2309499999, 2309500544))
(23096, (2309599998, 2309600077))
(23097, (2309699998, 2309700937))
(23098, (2309799998, 2309800470))
(23099, (2309899997, 2309900002))
(23100, (2310000004, 2310000861))
(23101, (2310100002, 2310100394))
(23102, (2310200002, 2310201254))
(23103, (2310300002, 2310300787))
(23104, (2310400001, 2310400319))
(23105, (2310500001, 2310501179))
(23106, (2310600000, 2310600712))
(23107, (2310699999, 2310700245))
(23108, (2310799998, 2310801105))
(23109, (2310899997, 2310900637))
(23110, (2311000000, 2311000171))
(23111, (2311099998, 2311101031))
(23112, (2311199997, 2311200564))
(23113, (2311299996, 2311300097))
(23114, (2311399995, 2311400957))
(23115, (2311499994, 2311500489))
(23116, (2311599993, 2311600022))
(23117, (2311699993, 2311700882))
(23118, (2311799992, 2311800415))
(23119, (2311899992, 2311901275))
(23120, (2311999997, 2312000807))
(23121, (2312099996, 2312100340))
(23122, (2312199996, 2312201200))
(23123, (2312299996, 2312300733))
(23124, (2312399996, 2312400266))
(23125, (2312499995, 2312501125))
(23126, (2312599994, 2312600658))
(23127, (2312699994, 2312700191))
(23128, (2312799992, 2312801051))
(23129, (2312899992, 2312900584))
(23130, (2312999995, 2313000117))
(23131, (2313099994, 2313100977))
(23132, (2313199992, 2313200510))
(23133, (2313299992, 2313300043))
(23134, (2313399991, 2313400903))
(23135, (2313499990, 2313500435))
(23136, (2313599989, 2313599968))
(23137, (2313699989, 2313700828))
(23138, (2313799989, 2313800361))
(23139, (2313899989, 2313901221))
(23140, (2313999995, 2314000753))
(23141, (2314099994, 2314100286))
(23142, (2314199994, 2314201146))
(23143, (2314299994, 2314300679))
(23144, (2314399994, 2314400212))
(23145, (2314499994, 2314501071))
(23146, (2314599994, 2314600604))
(23147, (2314699993, 2314700137))
(23148, (2314799992, 2314800997))
(23149, (2314899992, 2314900530))
(23150, (2314999996, 2315000063))
(23151, (2315099994, 2315100923))
(23152, (2315199994, 2315200456))
(23153, (2315299993, 2315299989))
(23154, (2315399992, 2315400849))
(23155, (2315499992, 2315500381))
(23156, (2315599991, 2315599914))
(23157, (2315699991, 2315700774))
(23158, (2315799991, 2315800307))
(23159, (2315899991, 2315901167))
(23160, (2315999996, 2316000699))
(23161, (2316099996, 2316100232))
(23162, (2316199996, 2316201092))
(23163, (2316299996, 2316300625))
(23164, (2316399996, 2316400158))
(23165, (2316499996, 2316501018))
(23166, (2316599996, 2316600550))
(23167, (2316699996, 2316700083))
(23168, (2316799996, 2316800943))
(23169, (2316899996, 2316900476))
(23170, (2317000001, 2317000008))
(23171, (2317100001, 2317100868))
(23172, (2317200001, 2317200401))
(23173, (2317300001, 2317301261))
(23174, (2317400001, 2317400794))
(23175, (2317500001, 2317500327))
(23176, (2317600001, 2317601186))
(23177, (2317700001, 2317700719))
(23178, (2317800001, 2317800252))
(23179, (2317900000, 2317901112))
(23180, (2318000006, 2318000645))
(23181, (2318100006, 2318100177))
(23182, (2318200006, 2318201037))
(23183, (2318300005, 2318300570))
(23184, (2318400005, 2318400103))
(23185, (2318500005, 2318500963))
(23186, (2318600005, 2318600495))
(23187, (2318700004, 2318700028))
(23188, (2318800004, 2318800888))
(23189, (2318900004, 2318900421))
(23190, (2319000008, 2318999954))
(23191, (2319100007, 2319100814))
(23192, (2319200006, 2319200347))
(23193, (2319300006, 2319301207))
(23194, (2319400006, 2319400740))
(23195, (2319500005, 2319500273))
(23196, (2319600004, 2319601132))
(23197, (2319700003, 2319700665))
(23198, (2319800002, 2319800198))
(23199, (2319900000, 2319901058))
(23200, (2320000005, 2320000591))
(23201, (2320100003, 2320100123))
(23202, (2320200002, 2320200983))
(23203, (2320300000, 2320300516))
(23204, (2320399999, 2320400049))
(23205, (2320499998, 2320500909))
(23206, (2320599996, 2320600441))
(23207, (2320699994, 2320699974))
(23208, (2320799992, 2320800834))
(23209, (2320899991, 2320900367))
(23210, (2320999994, 2321001228))
(23211, (2321099991, 2321100760))
(23212, (2321199989, 2321200293))
(23213, (2321299988, 2321301153))
(23214, (2321399986, 2321400686))
(23215, (2321499984, 2321500219))
(23216, (2321599983, 2321601078))
(23217, (2321699982, 2321700611))
(23218, (2321799982, 2321800144))
(23219, (2321899982, 2321901004))
(23220, (2321999987, 2322000537))
(23221, (2322099986, 2322100069))
(23222, (2322199986, 2322200929))
(23223, (2322299986, 2322300462))
(23224, (2322399986, 2322399995))
(23225, (2322499986, 2322500855))
(23226, (2322599986, 2322600387))
(23227, (2322699986, 2322699920))
(23228, (2322799986, 2322800780))
(23229, (2322899987, 2322900313))
(23230, (2322999992, 2323001174))
(23231, (2323099992, 2323100707))
(23232, (2323199992, 2323200239))
(23233, (2323299992, 2323301099))
(23234, (2323399993, 2323400632))
(23235, (2323499993, 2323500165))
(23236, (2323599994, 2323601025))
(23237, (2323699994, 2323700557))
(23238, (2323799994, 2323800090))
(23239, (2323899995, 2323900950))
(23240, (2324000000, 2324000485))
(23241, (2324100000, 2324101345))
(23242, (2324200000, 2324200877))
(23243, (2324300001, 2324300410))
(23244, (2324400001, 2324401270))
(23245, (2324500002, 2324500803))
(23246, (2324600002, 2324600336))
(23247, (2324700002, 2324701195))
(23248, (2324800002, 2324800728))
(23249, (2324900002, 2324900261))
(23250, (2325000007, 2325001121))
(23251, (2325100006, 2325100654))
(23252, (2325200006, 2325200186))
(23253, (2325300006, 2325301046))
(23254, (2325400006, 2325400579))
(23255, (2325500006, 2325500112))
(23256, (2325600005, 2325600972))
(23257, (2325700005, 2325700504))
(23258, (2325800004, 2325800037))
(23259, (2325900004, 2325900897))
(23260, (2326000008, 2326000431))
(23261, (2326100007, 2326101291))
(23262, (2326200006, 2326200823))
(23263, (2326300006, 2326300356))
(23264, (2326400005, 2326401216))
(23265, (2326500005, 2326500749))
(23266, (2326600004, 2326600282))
(23267, (2326700003, 2326701142))
(23268, (2326800002, 2326800674))
(23269, (2326900002, 2326900207))
(23270, (2327000008, 2327001065))
(23271, (2327100007, 2327100598))
(23272, (2327200006, 2327200130))
(23273, (2327300006, 2327300990))
(23274, (2327400005, 2327400523))
(23275, (2327500004, 2327500056))
(23276, (2327600003, 2327600916))
(23277, (2327700003, 2327700448))
(23278, (2327800002, 2327799981))
(23279, (2327900002, 2327900841))
(23280, (2328000003, 2328000377))
(23281, (2328100002, 2328099910))
(23282, (2328200002, 2328200769))
(23283, (2328300001, 2328300302))
(23284, (2328400000, 2328401162))
(23285, (2328500000, 2328500695))
(23286, (2328599999, 2328600228))
(23287, (2328699998, 2328701087))
(23288, (2328799998, 2328800620))
(23289, (2328899997, 2328900153))
(23290, (2329000004, 2329001011))
(23291, (2329100003, 2329100544))
(23292, (2329200002, 2329200076))
(23293, (2329300002, 2329300936))
(23294, (2329400002, 2329400469))
(23295, (2329500001, 2329500002))
(23296, (2329600004, 2329600862))
(23297, (2329700004, 2329700394))
(23298, (2329800004, 2329799927))
(23299, (2329900003, 2329900787))
(23300, (2330000007, 2330000321))
(23301, (2330100006, 2330101181))
(23302, (2330200005, 2330200713))
(23303, (2330300004, 2330300246))
(23304, (2330400004, 2330401106))
(23305, (2330500003, 2330500639))
(23306, (2330600003, 2330600172))
(23307, (2330700002, 2330701031))
(23308, (2330800002, 2330800564))
(23309, (2330900001, 2330900097))
(23310, (2331000006, 2331000957))
(23311, (2331100005, 2331100490))
(23312, (2331200004, 2331201349))
(23313, (2331300004, 2331300882))
(23314, (2331400003, 2331400415))
(23315, (2331500002, 2331501275))
(23316, (2331600002, 2331600808))
(23317, (2331700002, 2331700340))
(23318, (2331800002, 2331801200))
(23319, (2331900001, 2331900733))
(23320, (2332000005, 2332000267))
(23321, (2332100004, 2332101127))
(23322, (2332200004, 2332200659))
(23323, (2332300004, 2332300192))
(23324, (2332400004, 2332401052))
(23325, (2332500003, 2332500585))
(23326, (2332600001, 2332600117))
(23327, (2332699997, 2332700977))
(23328, (2332799994, 2332800510))
(23329, (2332899990, 2332900043))
(23330, (2332999991, 2333000903))
(23331, (2333099987, 2333100436))
(23332, (2333199983, 2333201295))
(23333, (2333299979, 2333300828))
(23334, (2333399976, 2333400361))
(23335, (2333499972, 2333501221))
(23336, (2333599970, 2333600754))
(23337, (2333699969, 2333700286))
(23338, (2333799969, 2333801146))
(23339, (2333899968, 2333900679))
(23340, (2333999972, 2334000213))
(23341, (2334099972, 2334101073))
(23342, (2334199971, 2334200605))
(23343, (2334299970, 2334300138))
(23344, (2334399970, 2334400998))
(23345, (2334499970, 2334500531))
(23346, (2334599970, 2334600064))
(23347, (2334699971, 2334700923))
(23348, (2334799972, 2334800456))
(23349, (2334899974, 2334899989))
(23350, (2334999980, 2335000849))
(23351, (2335099981, 2335100382))
(23352, (2335199982, 2335199914))
(23353, (2335299984, 2335300774))
(23354, (2335399985, 2335400307))
(23355, (2335499986, 2335501167))
(23356, (2335599987, 2335600700))
(23357, (2335699988, 2335700232))
(23358, (2335799989, 2335801092))
(23359, (2335899990, 2335900625))
(23360, (2335999996, 2336000160))
(23361, (2336099996, 2336101020))
(23362, (2336199998, 2336200552))
(23363, (2336299998, 2336300085))
(23364, (2336400000, 2336400945))
(23365, (2336500001, 2336500478))
(23366, (2336600002, 2336600011))
(23367, (2336700002, 2336700870))
(23368, (2336800002, 2336800403))
(23369, (2336900002, 2336899936))
(23370, (2337000008, 2337000796))
(23371, (2337100008, 2337100329))
(23372, (2337200008, 2337201189))
(23373, (2337300009, 2337300721))
(23374, (2337400009, 2337400254))
(23375, (2337500010, 2337501114))
(23376, (2337600008, 2337600647))
(23377, (2337700004, 2337700180))
(23378, (2337800000, 2337801039))
(23379, (2337899997, 2337900572))
(23380, (2337999998, 2338000105))
(23381, (2338099994, 2338100965))
(23382, (2338199991, 2338200498))
(23383, (2338299987, 2338301358))
(23384, (2338399983, 2338400890))
(23385, (2338499980, 2338500423))
(23386, (2338599977, 2338599956))
(23387, (2338699976, 2338700816))
(23388, (2338799976, 2338800349))
(23389, (2338899975, 2338899881))
(23390, (2338999976, 2339000744))
(23391, (2339099975, 2339100277))
(23392, (2339199974, 2339199810))
(23393, (2339299973, 2339300670))
(23394, (2339399972, 2339400202))
(23395, (2339499972, 2339501062))
(23396, (2339599972, 2339600595))
(23397, (2339699972, 2339700128))
(23398, (2339799974, 2339800988))
(23399, (2339899974, 2339900520))
(23400, (2339999983, 2340000051))
(23401, (2340099983, 2340100911))
(23402, (2340199984, 2340200444))
(23403, (2340299985, 2340301304))
(23404, (2340399986, 2340400836))
(23405, (2340499987, 2340500369))
(23406, (2340599988, 2340601229))
(23407, (2340699989, 2340700762))
(23408, (2340799990, 2340800295))
(23409, (2340899991, 2340901154))
(23410, (2340999996, 2341000688))
(23411, (2341099997, 2341100221))
(23412, (2341199998, 2341201081))
(23413, (2341299999, 2341300614))
(23414, (2341400000, 2341400146))
(23415, (2341500001, 2341501006))
(23416, (2341600012, 2341600539))
(23417, (2341700014, 2341700072))
(23418, (2341800014, 2341800932))
(23419, (2341900016, 2341900464))
(23420, (2342000022, 2341999997))
(23421, (2342100022, 2342100857))
(23422, (2342200023, 2342200390))
(23423, (2342300024, 2342301250))
(23424, (2342400025, 2342400782))
(23425, (2342500026, 2342500315))
(23426, (2342600027, 2342601175))
(23427, (2342700028, 2342700708))
(23428, (2342800029, 2342800241))
(23429, (2342900030, 2342901100))
(23430, (2343000036, 2343000634))
(23431, (2343100036, 2343100167))
(23432, (2343200037, 2343201027))
(23433, (2343300038, 2343300560))
(23434, (2343400039, 2343400092))
(23435, (2343500040, 2343500952))
(23436, (2343600041, 2343600485))
(23437, (2343700041, 2343700018))
(23438, (2343800042, 2343800878))
(23439, (2343900042, 2343900411))
(23440, (2344000048, 2343999943))
(23441, (2344100048, 2344100803))
(23442, (2344200049, 2344200336))
(23443, (2344300049, 2344301196))
(23444, (2344400050, 2344400729))
(23445, (2344500050, 2344500261))
(23446, (2344600050, 2344601121))
(23447, (2344700050, 2344700654))
(23448, (2344800050, 2344800187))
(23449, (2344900049, 2344901047))
(23450, (2345000053, 2345000581))
(23451, (2345100052, 2345100113))
(23452, (2345200052, 2345200973))
(23453, (2345300052, 2345300506))
(23454, (2345400051, 2345400039))
(23455, (2345500051, 2345500899))
(23456, (2345600050, 2345600431))
(23457, (2345700050, 2345699964))
(23458, (2345800049, 2345800824))
(23459, (2345900048, 2345900357))
(23460, (2346000054, 2345999890))
(23461, (2346100053, 2346100749))
(23462, (2346200053, 2346200281))
(23463, (2346300052, 2346301141))
(23464, (2346400051, 2346400674))
(23465, (2346500051, 2346500207))
(23466, (2346600050, 2346601067))
(23467, (2346700048, 2346700599))
(23468, (2346800047, 2346800132))
(23469, (2346900046, 2346900992))
(23470, (2347000047, 2347000528))
(23471, (2347100045, 2347100061))
(23472, (2347200044, 2347200921))
(23473, (2347300042, 2347300453))
(23474, (2347400041, 2347401313))
(23475, (2347500039, 2347500846))
(23476, (2347600038, 2347600379))
(23477, (2347700036, 2347701239))
(23478, (2347800035, 2347800771))
(23479, (2347900034, 2347900304))
(23480, (2348000038, 2348001164))
(23481, (2348100036, 2348100697))
(23482, (2348200035, 2348200230))
(23483, (2348300033, 2348301090))
(23484, (2348400032, 2348400622))
(23485, (2348500030, 2348500155))
(23486, (2348599992, 2348601015))
(23487, (2348699990, 2348700548))
(23488, (2348799989, 2348800080))
(23489, (2348899988, 2348900940))
(23490, (2348999992, 2349000473))
(23491, (2349099990, 2349100006))
(23492, (2349199988, 2349200866))
(23493, (2349299987, 2349300399))
(23494, (2349399986, 2349401258))
(23495, (2349499984, 2349500791))
(23496, (2349599983, 2349600324))
(23497, (2349699982, 2349701184))
(23498, (2349799980, 2349800717))
(23499, (2349899979, 2349900249))
(23500, (2349999983, 2350001109))
(23501, (2350099981, 2350100642))
(23502, (2350199980, 2350200175))
(23503, (2350299978, 2350301035))
(23504, (2350399977, 2350400568))
(23505, (2350499976, 2350500100))
(23506, (2350599974, 2350600960))
(23507, (2350699974, 2350700493))
(23508, (2350799972, 2350800026))
(23509, (2350899971, 2350900886))
(23510, (2350999974, 2351000419))
(23511, (2351099973, 2351099952))
(23512, (2351199972, 2351200812))
(23513, (2351299971, 2351300345))
(23514, (2351399970, 2351401205))
(23515, (2351499969, 2351500737))
(23516, (2351599968, 2351600270))
(23517, (2351699967, 2351701130))
(23518, (2351799966, 2351800663))
(23519, (2351899965, 2351900196))
(23520, (2351999970, 2352001056))
(23521, (2352099969, 2352100588))
(23522, (2352199968, 2352200121))
(23523, (2352299967, 2352300981))
(23524, (2352399966, 2352400514))
(23525, (2352499966, 2352500046))
(23526, (2352599965, 2352600906))
(23527, (2352699965, 2352700439))
(23528, (2352799964, 2352799972))
(23529, (2352899964, 2352900832))
(23530, (2352999968, 2353000366))
(23531, (2353099967, 2353099898))
(23532, (2353199967, 2353200758))
(23533, (2353299966, 2353300291))
(23534, (2353399966, 2353401151))
(23535, (2353499966, 2353500684))
(23536, (2353599966, 2353600216))
(23537, (2353699966, 2353701076))
(23538, (2353799966, 2353800609))
(23539, (2353899965, 2353900142))
(23540, (2353999970, 2354001003))
(23541, (2354099969, 2354100535))
(23542, (2354199969, 2354201395))
(23543, (2354299969, 2354300928))
(23544, (2354399969, 2354400461))
(23545, (2354499969, 2354501321))
(23546, (2354599968, 2354600854))
(23547, (2354699968, 2354700386))
(23548, (2354799966, 2354801246))
(23549, (2354899966, 2354900779))
(23550, (2354999970, 2355000312))
(23551, (2355099969, 2355101172))
(23552, (2355199968, 2355200704))
(23553, (2355299967, 2355300237))
(23554, (2355399966, 2355399770))
(23555, (2355499965, 2355500630))
(23556, (2355599964, 2355600163))
(23557, (2355699964, 2355701022))
(23558, (2355799964, 2355800555))
(23559, (2355899964, 2355900088))
(23560, (2355999968, 2356000949))
(23561, (2356099967, 2356100482))
(23562, (2356199967, 2356200014))
(23563, (2356299966, 2356300874))
(23564, (2356399966, 2356400407))
(23565, (2356499966, 2356501267))
(23566, (2356599966, 2356600800))
(23567, (2356699964, 2356700333))
(23568, (2356799964, 2356801192))
(23569, (2356899963, 2356900725))
(23570, (2356999969, 2357000256))
(23571, (2357099968, 2357101116))
(23572, (2357199967, 2357200649))
(23573, (2357299966, 2357300181))
(23574, (2357399965, 2357401041))
(23575, (2357499964, 2357500574))
(23576, (2357599964, 2357600107))
(23577, (2357699964, 2357700967))
(23578, (2357799964, 2357800499))
(23579, (2357899964, 2357900032))
(23580, (2357999966, 2358000895))
(23581, (2358099966, 2358100428))
(23582, (2358199965, 2358201288))
(23583, (2358299965, 2358300820))
(23584, (2358399965, 2358400353))
(23585, (2358499965, 2358501213))
(23586, (2358599965, 2358600746))
(23587, (2358699965, 2358700279))
(23588, (2358799965, 2358801138))
(23589, (2358899965, 2358900671))
(23590, (2358999971, 2359000204))
(23591, (2359099970, 2359101064))
(23592, (2359199970, 2359200597))
(23593, (2359299970, 2359300129))
(23594, (2359399970, 2359400989))
(23595, (2359499970, 2359500522))
(23596, (2359600006, 2359600055))
(23597, (2359700006, 2359700915))
(23598, (2359800006, 2359800447))
(23599, (2359900006, 2359899980))
(23600, (2360000012, 2360000840))
(23601, (2360100011, 2360100373))
(23602, (2360200011, 2360199905))
(23603, (2360300011, 2360300765))
(23604, (2360400011, 2360400298))
(23605, (2360500011, 2360501158))
(23606, (2360600011, 2360600691))
(23607, (2360700011, 2360700224))
(23608, (2360800011, 2360801083))
(23609, (2360900011, 2360900616))
(23610, (2361000017, 2361000149))
(23611, (2361100016, 2361101009))
(23612, (2361200016, 2361200542))
(23613, (2361300016, 2361300074))
(23614, (2361400016, 2361400934))
(23615, (2361500016, 2361500467))
(23616, (2361600017, 2361600000))
(23617, (2361700019, 2361700860))
(23618, (2361800020, 2361800392))
(23619, (2361900022, 2361899925))
(23620, (2362000028, 2362000786))
(23621, (2362100030, 2362100319))
(23622, (2362200031, 2362201179))
(23623, (2362300033, 2362300711))
(23624, (2362400034, 2362400244))
(23625, (2362500036, 2362501104))
(23626, (2362600038, 2362600637))
(23627, (2362700039, 2362700170))
(23628, (2362800040, 2362801029))
(23629, (2362900042, 2362900562))
(23630, (2363000048, 2363000095))
(23631, (2363100049, 2363100955))
(23632, (2363200050, 2363200488))
(23633, (2363300052, 2363301347))
(23634, (2363400053, 2363400880))
(23635, (2363500054, 2363500413))
(23636, (2363600055, 2363601273))
(23637, (2363700056, 2363700806))
(23638, (2363800056, 2363800338))
(23639, (2363900057, 2363901198))
(23640, (2364000062, 2363999404))
(23641, (2364100062, 2364100265))
(23642, (2364200062, 2364201125))
(23643, (2364300063, 2364300657))
(23644, (2364400064, 2364401517))
(23645, (2364500064, 2364501050))
(23646, (2364600064, 2364600583))
(23647, (2364700064, 2364700116))
(23648, (2364800063, 2364799648))
(23649, (2364900062, 2364900508))
(23650, (2365000068, 2365001368))
(23651, (2365100066, 2365100901))
(23652, (2365200066, 2365200434))
(23653, (2365300065, 2365301293))
(23654, (2365400064, 2365400826))
(23655, (2365500064, 2365500359))
(23656, (2365600062, 2365599892))
(23657, (2365700060, 2365700752))
(23658, (2365800057, 2365800284))
(23659, (2365900054, 2365899817))
(23660, (2366000056, 2366000678))
(23661, (2366100053, 2366101538))
(23662, (2366200050, 2366201071))
(23663, (2366300048, 2366300603))
(23664, (2366400045, 2366401463))
(23665, (2366500042, 2366500996))
(23666, (2366600040, 2366600529))
(23667, (2366700040, 2366700062))
(23668, (2366800038, 2366800922))
(23669, (2366900037, 2366900454))
(23670, (2367000044, 2366999987))
(23671, (2367100042, 2367100845))
(23672, (2367200041, 2367200378))
(23673, (2367300040, 2367301238))
(23674, (2367400039, 2367400770))
(23675, (2367500038, 2367500303))
(23676, (2367600037, 2367601163))
(23677, (2367700036, 2367700696))
(23678, (2367800036, 2367800228))
(23679, (2367900035, 2367901088))
(23680, (2368000038, 2368000624))
(23681, (2368100036, 2368100157))
(23682, (2368200036, 2368201017))
(23683, (2368300036, 2368300550))
(23684, (2368400035, 2368400082))
(23685, (2368500034, 2368500942))
(23686, (2368600034, 2368600475))
(23687, (2368700035, 2368700008))
(23688, (2368800035, 2368800868))
(23689, (2368900036, 2368900400))
(23690, (2369000044, 2368999933))
(23691, (2369100043, 2369100791))
(23692, (2369200044, 2369200324))
(23693, (2369300044, 2369299857))
(23694, (2369400044, 2369400716))
(23695, (2369500044, 2369500249))
(23696, (2369600044, 2369601109))
(23697, (2369700044, 2369700642))
(23698, (2369800044, 2369800175))
(23699, (2369900044, 2369901034))
(23700, (2370000048, 2370000568))
(23701, (2370100047, 2370100101))
(23702, (2370200047, 2370200961))
(23703, (2370300047, 2370300493))
(23704, (2370400046, 2370400026))
(23705, (2370500046, 2370500886))
(23706, (2370600046, 2370600419))
(23707, (2370700046, 2370701279))
(23708, (2370800046, 2370800811))
(23709, (2370900046, 2370900344))
(23710, (2371000052, 2371001204))
(23711, (2371100051, 2371100737))
(23712, (2371200051, 2371200270))
(23713, (2371300051, 2371301129))
(23714, (2371400051, 2371400662))
(23715, (2371500051, 2371500195))
(23716, (2371600051, 2371601055))
(23717, (2371700051, 2371700588))
(23718, (2371800050, 2371800120))
(23719, (2371900050, 2371900980))
(23720, (2372000054, 2372000514))
(23721, (2372100054, 2372100047))
(23722, (2372200053, 2372200907))
(23723, (2372300053, 2372300439))
(23724, (2372400052, 2372401299))
(23725, (2372500052, 2372500832))
(23726, (2372600052, 2372600365))
(23727, (2372700052, 2372701225))
(23728, (2372800051, 2372800757))
(23729, (2372900051, 2372900290))
(23730, (2373000055, 2373001151))
(23731, (2373100054, 2373100684))
(23732, (2373200054, 2373200216))
(23733, (2373300053, 2373301076))
(23734, (2373400053, 2373400609))
(23735, (2373500052, 2373500142))
(23736, (2373599998, 2373601002))
(23737, (2373699997, 2373700534))
(23738, (2373799997, 2373800067))
(23739, (2373899996, 2373900927))
(23740, (2374000002, 2374000460))
(23741, (2374100001, 2374099993))
(23742, (2374200000, 2374200852))
(23743, (2374300000, 2374300385))
(23744, (2374400000, 2374401245))
(23745, (2374500000, 2374500778))
(23746, (2374599999, 2374600311))
(23747, (2374699998, 2374701170))
(23748, (2374799998, 2374800703))
(23749, (2374899998, 2374900236))
(23750, (2375000002, 2375001097))
(23751, (2375100001, 2375100630))
(23752, (2375200001, 2375200162))
(23753, (2375300000, 2375301022))
(23754, (2375400000, 2375400555))
(23755, (2375500000, 2375500088))
(23756, (2375599999, 2375600948))
(23757, (2375699998, 2375700480))
(23758, (2375799997, 2375800013))
(23759, (2375899996, 2375900873))
(23760, (2376000000, 2376000406))
(23761, (2376099998, 2376099939))
(23762, (2376199998, 2376200798))
(23763, (2376299996, 2376300331))
(23764, (2376399995, 2376401191))
(23765, (2376499994, 2376500724))
(23766, (2376599994, 2376600257))
(23767, (2376699993, 2376701116))
(23768, (2376799992, 2376800649))
(23769, (2376899992, 2376900182))
(23770, (2376999997, 2377001042))
(23771, (2377099996, 2377100575))
(23772, (2377199996, 2377200107))
(23773, (2377299995, 2377300967))
(23774, (2377399995, 2377400500))
(23775, (2377499994, 2377500033))
(23776, (2377599994, 2377600893))
(23777, (2377699994, 2377700425))
(23778, (2377799994, 2377799958))
(23779, (2377899994, 2377900818))
(23780, (2378000000, 2378000351))
(23781, (2378099999, 2378099883))
(23782, (2378199999, 2378200743))
(23783, (2378299999, 2378300276))
(23784, (2378399999, 2378401136))
(23785, (2378499999, 2378500669))
(23786, (2378599997, 2378600201))
(23787, (2378699993, 2378701061))
(23788, (2378799988, 2378800594))
(23789, (2378899984, 2378900127))
(23790, (2378999985, 2379000988))
(23791, (2379099980, 2379100520))
(23792, (2379199976, 2379200053))
(23793, (2379299972, 2379300913))
(23794, (2379399968, 2379400446))
(23795, (2379499964, 2379501306))
(23796, (2379599962, 2379600839))
(23797, (2379699962, 2379700371))
(23798, (2379799961, 2379801231))
(23799, (2379899961, 2379900764))
(23800, (2379999966, 2380000298))
(23801, (2380099966, 2380101158))
(23802, (2380199966, 2380200690))
(23803, (2380299966, 2380300223))
(23804, (2380399965, 2380401083))
(23805, (2380499965, 2380500616))
(23806, (2380599966, 2380600148))
(23807, (2380699967, 2380701008))
(23808, (2380799968, 2380800541))
(23809, (2380899969, 2380900074))
(23810, (2380999975, 2381000935))
(23811, (2381099976, 2381100467))
(23812, (2381199977, 2381200000))
(23813, (2381299978, 2381300860))
(23814, (2381399980, 2381400393))
(23815, (2381499981, 2381501253))
(23816, (2381599982, 2381600785))
(23817, (2381699983, 2381700318))
(23818, (2381799984, 2381801178))
(23819, (2381899986, 2381900711))
(23820, (2381999992, 2382000244))
(23821, (2382099993, 2382101103))
(23822, (2382199995, 2382200636))
(23823, (2382299996, 2382300169))
(23824, (2382399997, 2382401029))
(23825, (2382499998, 2382500562))
(23826, (2382599999, 2382600094))
(23827, (2382700000, 2382700954))
(23828, (2382800000, 2382800487))
(23829, (2382900000, 2382900020))
(23830, (2383000005, 2383000881))
(23831, (2383100005, 2383100413))
(23832, (2383200005, 2383199946))
(23833, (2383300005, 2383300806))
(23834, (2383400006, 2383400339))
(23835, (2383500006, 2383501199))
(23836, (2383600004, 2383600731))
(23837, (2383700001, 2383700264))
(23838, (2383799998, 2383801124))
(23839, (2383899995, 2383900657))
(23840, (2383999997, 2384000190))
(23841, (2384099993, 2384101049))
(23842, (2384199990, 2384200582))
(23843, (2384299987, 2384300115))
(23844, (2384399984, 2384400975))
(23845, (2384499980, 2384500508))
(23846, (2384599978, 2384601367))
(23847, (2384699977, 2384700900))
(23848, (2384799976, 2384800433))
(23849, (2384899975, 2384901293))
(23850, (2384999979, 2385000827))
(23851, (2385099978, 2385100359))
(23852, (2385199976, 2385201219))
(23853, (2385299976, 2385300752))
(23854, (2385399975, 2385400285))
(23855, (2385499974, 2385499818))
(23856, (2385599974, 2385600677))
(23857, (2385699974, 2385700210))
(23858, (2385799975, 2385799743))
(23859, (2385899976, 2385900603))
(23860, (2385999982, 2386000136))
(23861, (2386099982, 2386100995))
(23862, (2386199983, 2386200528))
(23863, (2386299984, 2386300061))
(23864, (2386399985, 2386400921))
(23865, (2386499986, 2386500454))
(23866, (2386599986, 2386601313))
(23867, (2386699987, 2386700846))
(23868, (2386799988, 2386800379))
(23869, (2386899988, 2386901239))
(23870, (2386999994, 2387000773))
(23871, (2387099994, 2387100305))
(23872, (2387199995, 2387201165))
(23873, (2387299996, 2387300698))
(23874, (2387399996, 2387400231))
(23875, (2387499997, 2387501091))
(23876, (2387600012, 2387600623))
(23877, (2387700012, 2387700156))
(23878, (2387800013, 2387801016))
(23879, (2387900014, 2387900549))
(23880, (2388000020, 2388000082))
(23881, (2388100020, 2388100941))
(23882, (2388200021, 2388200474))
(23883, (2388300022, 2388300007))
(23884, (2388400022, 2388400867))
(23885, (2388500023, 2388500400))
(23886, (2388600024, 2388601259))
(23887, (2388700025, 2388700792))
(23888, (2388800026, 2388800325))
(23889, (2388900026, 2388901185))
(23890, (2389000032, 2389000719))
(23891, (2389100032, 2389100251))
(23892, (2389200033, 2389201111))
(23893, (2389300034, 2389300644))
(23894, (2389400034, 2389400177))
(23895, (2389500035, 2389501037))
(23896, (2389600036, 2389600569))
(23897, (2389700036, 2389700102))
(23898, (2389800036, 2389800962))
(23899, (2389900036, 2389900495))
(23900, (2390000041, 2390000028))
(23901, (2390100041, 2390100888))
(23902, (2390200041, 2390200421))
(23903, (2390300042, 2390299954))
(23904, (2390400042, 2390400814))
(23905, (2390500042, 2390500346))
(23906, (2390600042, 2390601206))
(23907, (2390700041, 2390700739))
(23908, (2390800040, 2390800272))
(23909, (2390900039, 2390901132))
(23910, (2391000044, 2391000663))
(23911, (2391100042, 2391100196))
(23912, (2391200042, 2391201056))
(23913, (2391300040, 2391300589))
(23914, (2391400040, 2391400122))
(23915, (2391500038, 2391500981))
(23916, (2391600038, 2391600514))
(23917, (2391700037, 2391700047))
(23918, (2391800036, 2391800907))
(23919, (2391900036, 2391900440))
(23920, (2392000040, 2391999972))
(23921, (2392100038, 2392100833))
(23922, (2392200038, 2392200366))
(23923, (2392300038, 2392299899))
(23924, (2392400037, 2392400759))
(23925, (2392500036, 2392500291))
(23926, (2392600036, 2392601151))
(23927, (2392700035, 2392700684))
(23928, (2392800035, 2392800217))
(23929, (2392900034, 2392901077))
(23930, (2393000039, 2393000609))
(23931, (2393100038, 2393100142))
(23932, (2393200038, 2393201002))
(23933, (2393300037, 2393300535))
(23934, (2393400036, 2393401395))
(23935, (2393500036, 2393500928))
(23936, (2393600036, 2393600460))
(23937, (2393700036, 2393699993))
(23938, (2393800035, 2393800853))
(23939, (2393900035, 2393900386))
(23940, (2394000040, 2393999919))
(23941, (2394100038, 2394100779))
(23942, (2394200038, 2394200312))
(23943, (2394300038, 2394299845))
(23944, (2394400038, 2394400705))
(23945, (2394500038, 2394500238))
(23946, (2394600038, 2394601097))
(23947, (2394700037, 2394700630))
(23948, (2394800037, 2394800163))
(23949, (2394900036, 2394901023))
(23950, (2395000042, 2395000556))
(23951, (2395100041, 2395101416))
(23952, (2395200040, 2395200948))
(23953, (2395300040, 2395300481))
(23954, (2395400040, 2395401341))
(23955, (2395500039, 2395500874))
(23956, (2395600039, 2395600407))
(23957, (2395700038, 2395699939))
(23958, (2395800038, 2395800799))
(23959, (2395900038, 2395900332))
(23960, (2396000042, 2395999865))
(23961, (2396100041, 2396100726))
(23962, (2396200041, 2396200258))
(23963, (2396300041, 2396301118))
(23964, (2396400040, 2396400651))
(23965, (2396500040, 2396500184))
(23966, (2396600038, 2396601044))
(23967, (2396700032, 2396700576))
(23968, (2396800026, 2396800109))
(23969, (2396900020, 2396900969))
(23970, (2397000020, 2397000502))
(23971, (2397100013, 2397100035))
(23972, (2397200007, 2397200895))
(23973, (2397300002, 2397300427))
(23974, (2397399996, 2397401287))
(23975, (2397499990, 2397500820))
(23976, (2397599986, 2397600353))
(23977, (2397699986, 2397701213))
(23978, (2397799985, 2397800745))
(23979, (2397899985, 2397900278))
(23980, (2397999989, 2398001139))
(23981, (2398099988, 2398100672))
(23982, (2398199988, 2398200205))
(23983, (2398299987, 2398301064))
(23984, (2398399986, 2398400597))
(23985, (2398499986, 2398500130))
(23986, (2398599987, 2398600990))
(23987, (2398699989, 2398700523))
(23988, (2398799992, 2398800055))
(23989, (2398899994, 2398900915))
(23990, (2399000003, 2399000447))
(23991, (2399100005, 2399099980))
(23992, (2399200008, 2399200840))
(23993, (2399300010, 2399300372))
(23994, (2399400012, 2399399905))
(23995, (2399500015, 2399500765))
(23996, (2399600017, 2399600298))
(23997, (2399700019, 2399701158))
(23998, (2399800022, 2399800690))
(23999, (2399900024, 2399900223))
(24000, (2400000030, 2400001084))
(24001, (2400100032, 2400100617))
(24002, (2400200034, 2400200150))
(24003, (2400300037, 2400301009))
(24004, (2400400039, 2400400542))
(24005, (2400500042, 2400500075))
(24006, (2400600043, 2400600935))
(24007, (2400700043, 2400700468))
(24008, (2400800043, 2400800000))
(24009, (2400900043, 2400900860))
(24010, (2401000048, 2401000393))
(24011, (2401100048, 2401099926))
(24012, (2401200048, 2401200786))
(24013, (2401300048, 2401300318))
(24014, (2401400048, 2401399851))
(24015, (2401500048, 2401500711))
(24016, (2401600046, 2401600244))
(24017, (2401700040, 2401701104))
(24018, (2401800035, 2401800636))
(24019, (2401900030, 2401900169))
(24020, (2402000028, 2402001030))
(24021, (2402100023, 2402100563))
(24022, (2402200017, 2402200096))
(24023, (2402300012, 2402300955))
(24024, (2402400007, 2402400488))
(24025, (2402500001, 2402501348))
(24026, (2402599998, 2402600881))
(24027, (2402699996, 2402700414))
(24028, (2402799994, 2402801273))
(24029, (2402899992, 2402900806))
(24030, (2402999996, 2403000339))
(24031, (2403099994, 2403101199))
(24032, (2403199992, 2403200732))
(24033, (2403299991, 2403300264))
(24034, (2403399989, 2403401124))
(24035, (2403499987, 2403500657))
(24036, (2403599987, 2403600190))
(24037, (2403699988, 2403701050))
(24038, (2403799990, 2403800582))
(24039, (2403899991, 2403900115))
(24040, (2403999997, 2404000976))
(24041, (2404099998, 2404100509))
(24042, (2404199999, 2404200042))
(24043, (2404300000, 2404300901))
(24044, (2404400002, 2404400434))
(24045, (2404500003, 2404499967))
(24046, (2404600005, 2404600827))
(24047, (2404700007, 2404700360))
(24048, (2404800009, 2404801219))
(24049, (2404900011, 2404900752))
(24050, (2405000018, 2405000286))
(24051, (2405100020, 2405101146))
(24052, (2405200022, 2405200679))
(24053, (2405300024, 2405300211))
(24054, (2405400026, 2405401071))
(24055, (2405500028, 2405500604))
(24056, (2405600030, 2405600137))
(24057, (2405700032, 2405700997))
(24058, (2405800033, 2405800529))
(24059, (2405900034, 2405900062))
(24060, (2406000042, 2406000922))
(24061, (2406100042, 2406100455))
(24062, (2406200044, 2406199988))
(24063, (2406300045, 2406300847))
(24064, (2406400047, 2406400380))
(24065, (2406500048, 2406499913))
(24066, (2406600048, 2406600773))
(24067, (2406700047, 2406700306))
(24068, (2406800045, 2406801166))
(24069, (2406900044, 2406900698))
(24070, (2407000046, 2407000230))
(24071, (2407100046, 2407101090))
(24072, (2407200045, 2407200623))
(24073, (2407300043, 2407300155))
(24074, (2407400042, 2407401015))
(24075, (2407500040, 2407500548))
(24076, (2407600039, 2407600081))
(24077, (2407700038, 2407700941))
(24078, (2407800041, 2407800474))
(24079, (2407900040, 2407900006))
(24080, (2408000045, 2408000863))
(24081, (2408100044, 2408100396))
(24082, (2408200044, 2408199929))
(24083, (2408300043, 2408300789))
(24084, (2408400042, 2408400321))
(24085, (2408500042, 2408499854))
(24086, (2408600041, 2408600714))
(24087, (2408700041, 2408700247))
(24088, (2408800040, 2408801107))
(24089, (2408900040, 2408900639))
(24090, (2409000036, 2409000181))
(24091, (2409100035, 2409101041))
(24092, (2409200034, 2409200574))
(24093, (2409300034, 2409300107))
(24094, (2409400034, 2409400966))
(24095, (2409500033, 2409500499))
(24096, (2409600032, 2409601359))
(24097, (2409700032, 2409700892))
(24098, (2409800032, 2409800425))
(24099, (2409900031, 2409901284))
(24100, (2410000039, 2410000814))
(24101, (2410100038, 2410100347))
(24102, (2410200038, 2410201207))
(24103, (2410300037, 2410300740))
(24104, (2410400036, 2410400272))
(24105, (2410500036, 2410501132))
(24106, (2410600002, 2410600665))
(24107, (2410700002, 2410700198))
(24108, (2410800002, 2410801058))
(24109, (2410900001, 2410900590))
(24110, (2411000005, 2411000124))
(24111, (2411100004, 2411100984))
(24112, (2411200004, 2411200517))
(24113, (2411300003, 2411300050))
(24114, (2411400003, 2411400909))
(24115, (2411500002, 2411500442))
(24116, (2411600002, 2411601302))
(24117, (2411700001, 2411700835))
(24118, (2411800001, 2411800368))
(24119, (2411900000, 2411901228))
(24120, (2412000005, 2412000760))
(24121, (2412100004, 2412100293))
(24122, (2412200004, 2412201153))
(24123, (2412300003, 2412300686))
(24124, (2412400003, 2412400218))
(24125, (2412500002, 2412501078))
(24126, (2412600002, 2412600611))
(24127, (2412700002, 2412700144))
(24128, (2412800002, 2412801004))
(24129, (2412900002, 2412900536))
(24130, (2413000007, 2413000070))
(24131, (2413100007, 2413100930))
(24132, (2413200007, 2413200463))
(24133, (2413300007, 2413299996))
(24134, (2413400007, 2413400855))
(24135, (2413500007, 2413500388))
(24136, (2413600007, 2413601248))
(24137, (2413700007, 2413700781))
(24138, (2413800007, 2413800314))
(24139, (2413900006, 2413901173))
(24140, (2414000012, 2414000706))
(24141, (2414100011, 2414100239))
(24142, (2414200011, 2414201099))
(24143, (2414300011, 2414300632))
(24144, (2414400011, 2414400164))
(24145, (2414500011, 2414501024))
(24146, (2414600011, 2414600557))
(24147, (2414700010, 2414700090))
(24148, (2414800010, 2414800950))
(24149, (2414900010, 2414900482))
(24150, (2415000014, 2415001343))
(24151, (2415100014, 2415100876))
(24152, (2415200014, 2415200409))
(24153, (2415300014, 2415301269))
(24154, (2415400013, 2415400801))
(24155, (2415500013, 2415500334))
(24156, (2415600006, 2415601194))
(24157, (2415700005, 2415700727))
(24158, (2415800005, 2415800260))
(24159, (2415900005, 2415901119))
(24160, (2416000010, 2416000652))
(24161, (2416100010, 2416100185))
(24162, (2416200010, 2416201045))
(24163, (2416300009, 2416300578))
(24164, (2416400009, 2416400110))
(24165, (2416500009, 2416500970))
(24166, (2416600009, 2416600503))
(24167, (2416700008, 2416700036))
(24168, (2416800008, 2416800896))
(24169, (2416900008, 2416900428))
(24170, (2417000013, 2417001289))
(24171, (2417100012, 2417100822))
(24172, (2417200012, 2417200355))
(24173, (2417300012, 2417301215))
(24174, (2417400011, 2417400747))
(24175, (2417500011, 2417500280))
(24176, (2417600011, 2417601140))
(24177, (2417700011, 2417700673))
(24178, (2417800010, 2417800206))
(24179, (2417900010, 2417901065))
(24180, (2418000014, 2418000599))
(24181, (2418100014, 2418100132))
(24182, (2418200013, 2418200992))
(24183, (2418300013, 2418300525))
(24184, (2418400012, 2418400057))
(24185, (2418500012, 2418500917))
(24186, (2418600012, 2418600450))
(24187, (2418700012, 2418701310))
(24188, (2418800011, 2418800843))
(24189, (2418900010, 2418900375))
(24190, (2419000016, 2419001235))
(24191, (2419100014, 2419100768))
(24192, (2419200014, 2419200301))
(24193, (2419300014, 2419301161))
(24194, (2419400013, 2419400694))
(24195, (2419500013, 2419500226))
(24196, (2419600012, 2419601086))
(24197, (2419700012, 2419700619))
(24198, (2419800011, 2419800152))
(24199, (2419900011, 2419901012))
(24200, (2420000016, 2420000543))
(24201, (2420100015, 2420100076))
(24202, (2420200014, 2420200936))
(24203, (2420300014, 2420300469))
(24204, (2420400013, 2420400002))
(24205, (2420500013, 2420500861))
(24206, (2420600003, 2420600394))
(24207, (2420700002, 2420701254))
(24208, (2420800002, 2420800787))
(24209, (2420900001, 2420900320))
(24210, (2421000006, 2421001180))
(24211, (2421100005, 2421100712))
(24212, (2421200005, 2421200245))
(24213, (2421300004, 2421301105))
(24214, (2421400004, 2421400638))
(24215, (2421500003, 2421500171))
(24216, (2421600003, 2421601030))
(24217, (2421700002, 2421700563))
(24218, (2421800002, 2421800096))
(24219, (2421900001, 2421900956))
(24220, (2422000006, 2422000490))
(24221, (2422100004, 2422100022))
(24222, (2422200004, 2422200882))
(24223, (2422300004, 2422300415))
(24224, (2422400003, 2422399948))
(24225, (2422500002, 2422500808))
(24226, (2422600002, 2422600340))
(24227, (2422700002, 2422701200))
(24228, (2422800002, 2422800733))
(24229, (2422900002, 2422900266))
(24230, (2423000008, 2423001126))
(24231, (2423100008, 2423100658))
(24232, (2423200008, 2423200191))
(24233, (2423300008, 2423301051))
(24234, (2423400008, 2423400584))
(24235, (2423500008, 2423500117))
(24236, (2423600008, 2423600977))
(24237, (2423700008, 2423700509))
(24238, (2423800008, 2423800042))
(24239, (2423900008, 2423900902))
(24240, (2424000012, 2424000436))
(24241, (2424100012, 2424099969))
(24242, (2424200012, 2424200828))
(24243, (2424300012, 2424300361))
(24244, (2424400012, 2424399894))
(24245, (2424500012, 2424500754))
(24246, (2424599984, 2424600287))
(24247, (2424699984, 2424701147))
(24248, (2424799984, 2424800679))
(24249, (2424899984, 2424900212))
(24250, (2424999990, 2425001072))
(24251, (2425099989, 2425100605))
(24252, (2425199989, 2425201465))
(24253, (2425299989, 2425300997))
(24254, (2425399989, 2425400530))
(24255, (2425499989, 2425501390))
(24256, (2425599989, 2425600923))
(24257, (2425699989, 2425700456))
(24258, (2425799989, 2425801315))
(24259, (2425899989, 2425900848))
(24260, (2425999994, 2426000382))
(24261, (2426099993, 2426099915))
(24262, (2426199993, 2426200775))
(24263, (2426299994, 2426300307))
(24264, (2426399994, 2426399840))
(24265, (2426499994, 2426500700))
(24266, (2426599993, 2426600233))
(24267, (2426699993, 2426699766))
(24268, (2426799992, 2426800626))
(24269, (2426899992, 2426900158))
(24270, (2426999998, 2427001018))
(24271, (2427099996, 2427100551))
(24272, (2427199996, 2427200084))
(24273, (2427299996, 2427300944))
(24274, (2427399995, 2427400476))
(24275, (2427499995, 2427501336))
(24276, (2427599994, 2427600869))
(24277, (2427699994, 2427700402))
(24278, (2427799994, 2427801262))
(24279, (2427899993, 2427900795))
(24280, (2427999997, 2428000328))
(24281, (2428099996, 2428101188))
(24282, (2428199996, 2428200721))
(24283, (2428299995, 2428300254))
(24284, (2428399995, 2428401114))
(24285, (2428499994, 2428500646))
(24286, (2428599994, 2428600179))
(24287, (2428699993, 2428701039))
(24288, (2428799992, 2428800572))
(24289, (2428899992, 2428900105))
(24290, (2428999996, 2429000964))
(24291, (2429099995, 2429100497))
(24292, (2429199994, 2429200030))
(24293, (2429299993, 2429300890))
(24294, (2429399992, 2429400423))
(24295, (2429499992, 2429499955))
(24296, (2429599990, 2429600815))
(24297, (2429699987, 2429700348))
(24298, (2429799984, 2429801208))
(24299, (2429899982, 2429900741))
(24300, (2429999984, 2430000274))
(24301, (2430099981, 2430101133))
(24302, (2430199978, 2430200666))
(24303, (2430299975, 2430300199))
(24304, (2430399972, 2430401059))
(24305, (2430499969, 2430500592))
(24306, (2430599967, 2430600124))
(24307, (2430699966, 2430700984))
(24308, (2430799966, 2430800517))
(24309, (2430899966, 2430900050))
(24310, (2430999970, 2431000911))
(24311, (2431099968, 2431100444))
(24312, (2431199968, 2431199976))
(24313, (2431299967, 2431300836))
(24314, (2431399967, 2431400369))
(24315, (2431499966, 2431499902))
(24316, (2431599966, 2431600762))
(24317, (2431699967, 2431700294))
(24318, (2431799968, 2431801154))
(24319, (2431899968, 2431900687))
(24320, (2431999975, 2432000219))
(24321, (2432099975, 2432101079))
(24322, (2432199976, 2432200612))
(24323, (2432299977, 2432300144))
(24324, (2432399978, 2432401004))
(24325, (2432499978, 2432500537))
(24326, (2432599979, 2432600070))
(24327, (2432699979, 2432700930))
(24328, (2432799980, 2432800462))
(24329, (2432899980, 2432901322))
(24330, (2432999986, 2433000855))
(24331, (2433099986, 2433100388))
(24332, (2433199986, 2433201248))
(24333, (2433299986, 2433300781))
(24334, (2433399986, 2433400313))
(24335, (2433499987, 2433501173))
(24336, (2433599987, 2433600706))
(24337, (2433699988, 2433700239))
(24338, (2433799988, 2433801099))
(24339, (2433899988, 2433900631))
(24340, (2433999993, 2434000165))
(24341, (2434099993, 2434101025))
(24342, (2434199993, 2434200558))
(24343, (2434299994, 2434300091))
(24344, (2434399994, 2434400951))
(24345, (2434499994, 2434500483))
(24346, (2434600006, 2434600016))
(24347, (2434700006, 2434700876))
(24348, (2434800006, 2434800409))
(24349, (2434900007, 2434901269))
(24350, (2435000012, 2435000802))
(24351, (2435100012, 2435100335))
(24352, (2435200012, 2435201195))
(24353, (2435300012, 2435300728))
(24354, (2435400012, 2435400261))
(24355, (2435500013, 2435501120))
(24356, (2435600013, 2435600653))
(24357, (2435700014, 2435700186))
(24358, (2435800014, 2435801046))
(24359, (2435900014, 2435900579))
(24360, (2436000020, 2436000111))
(24361, (2436100020, 2436100971))
(24362, (2436200020, 2436200504))
(24363, (2436300020, 2436300037))
(24364, (2436400021, 2436400897))
(24365, (2436500021, 2436500430))
(24366, (2436600021, 2436599962))
(24367, (2436700020, 2436700822))
(24368, (2436800019, 2436800355))
(24369, (2436900018, 2436901215))
(24370, (2437000022, 2437000749))
(24371, (2437100020, 2437100281))
(24372, (2437200019, 2437201141))
(24373, (2437300018, 2437300674))
(24374, (2437400018, 2437400207))
(24375, (2437500016, 2437501067))
(24376, (2437600016, 2437600600))
(24377, (2437700014, 2437700132))
(24378, (2437800012, 2437800992))
(24379, (2437900011, 2437900525))
(24380, (2438000015, 2438000058))
(24381, (2438100013, 2438100918))
(24382, (2438200012, 2438200450))
(24383, (2438300010, 2438299983))
(24384, (2438400009, 2438400843))
(24385, (2438500007, 2438500376))
(24386, (2438600006, 2438599909))
(24387, (2438700006, 2438700769))
(24388, (2438800006, 2438800301))
(24389, (2438900005, 2438901161))
(24390, (2439000009, 2439000695))
(24391, (2439100008, 2439100228))
(24392, (2439200008, 2439201088))
(24393, (2439300008, 2439300620))
(24394, (2439400007, 2439400153))
(24395, (2439500007, 2439501013))
(24396, (2439600007, 2439600546))
(24397, (2439700007, 2439700079))
(24398, (2439800007, 2439800939))
(24399, (2439900008, 2439900471))
(24400, (2440000013, 2440000004))
(24401, (2440100013, 2440100864))
(24402, (2440200013, 2440200397))
(24403, (2440300014, 2440299930))
(24404, (2440400014, 2440400789))
(24405, (2440500014, 2440500322))
(24406, (2440600014, 2440601182))
(24407, (2440700014, 2440700715))
(24408, (2440800013, 2440800248))
(24409, (2440900013, 2440901108))
(24410, (2441000017, 2441000641))
(24411, (2441100016, 2441100174))
(24412, (2441200016, 2441201034))
(24413, (2441300015, 2441300567))
(24414, (2441400014, 2441400100))
(24415, (2441500014, 2441500959))
(24416, (2441600014, 2441600492))
(24417, (2441700014, 2441701352))
(24418, (2441800014, 2441800885))
(24419, (2441900014, 2441900418))
(24420, (2442000021, 2442001276))
(24421, (2442100020, 2442100808))
(24422, (2442200020, 2442200341))
(24423, (2442300020, 2442301201))
(24424, (2442400020, 2442400734))
(24425, (2442500020, 2442500267))
(24426, (2442600020, 2442601126))
(24427, (2442700020, 2442700659))
(24428, (2442800019, 2442800192))
(24429, (2442900019, 2442901052))
(24430, (2443000023, 2443000586))
(24431, (2443100022, 2443100118))
(24432, (2443200022, 2443200978))
(24433, (2443300022, 2443300511))
(24434, (2443400022, 2443400044))
(24435, (2443500021, 2443500904))
(24436, (2443600020, 2443600437))
(24437, (2443700020, 2443699969))
(24438, (2443800019, 2443800829))
(24439, (2443900018, 2443900362))
(24440, (2444000022, 2444001222))
(24441, (2444100021, 2444100755))
(24442, (2444200020, 2444200287))
(24443, (2444300019, 2444301147))
(24444, (2444400018, 2444400680))
(24445, (2444500017, 2444500213))
(24446, (2444600016, 2444601073))
(24447, (2444700015, 2444700605))
(24448, (2444800014, 2444800138))
(24449, (2444900013, 2444900998))
(24450, (2445000016, 2445000532))
(24451, (2445100014, 2445100065))
(24452, (2445200013, 2445200924))
(24453, (2445300012, 2445300457))
(24454, (2445400011, 2445401317))
(24455, (2445500010, 2445500850))
(24456, (2445600009, 2445600383))
(24457, (2445700009, 2445701243))
(24458, (2445800009, 2445800775))
(24459, (2445900009, 2445900308))
(24460, (2446000014, 2446001167))
(24461, (2446100014, 2446100700))
(24462, (2446200013, 2446200232))
(24463, (2446300013, 2446301092))
(24464, (2446400013, 2446400625))
(24465, (2446500013, 2446500158))
(24466, (2446600012, 2446601018))
(24467, (2446700012, 2446700551))
(24468, (2446800011, 2446800083))
(24469, (2446900010, 2446900943))
(24470, (2447000014, 2447000477))
(24471, (2447100013, 2447100010))
(24472, (2447200012, 2447200870))
(24473, (2447300012, 2447300402))
(24474, (2447400011, 2447399935))
(24475, (2447500010, 2447500795))
(24476, (2447600009, 2447600328))
(24477, (2447700006, 2447701188))
(24478, (2447800003, 2447800720))
(24479, (2447900000, 2447900253))
(24480, (2448000003, 2448001113))
(24481, (2448100000, 2448100646))
(24482, (2448199997, 2448200179))
(24483, (2448299994, 2448301038))
(24484, (2448399992, 2448400571))
(24485, (2448499989, 2448500104))
(24486, (2448599987, 2448600964))
(24487, (2448699987, 2448700497))
(24488, (2448799987, 2448800029))
(24489, (2448899987, 2448900889))
(24490, (2448999991, 2449000423))
(24491, (2449099990, 2449101283))
(24492, (2449199990, 2449200816))
(24493, (2449299990, 2449300348))
(24494, (2449399990, 2449401208))
(24495, (2449499990, 2449500741))
(24496, (2449599990, 2449600274))
(24497, (2449699992, 2449701134))
(24498, (2449799993, 2449800667))
(24499, (2449899994, 2449900199))
(24500, (2450000002, 2450001059))
(24501, (2450100002, 2450100592))
(24502, (2450200004, 2450200125))
(24503, (2450300005, 2450300985))
(24504, (2450400006, 2450400517))
(24505, (2450500008, 2450500050))
(24506, (2450600009, 2450600910))
(24507, (2450700009, 2450700443))
(24508, (2450800010, 2450799976))
(24509, (2450900010, 2450900835))
(24510, (2451000015, 2451000369))
(24511, (2451100015, 2451101229))
(24512, (2451200015, 2451200762))
(24513, (2451300016, 2451300295))
(24514, (2451400016, 2451401154))
(24515, (2451500016, 2451500687))
(24516, (2451600017, 2451600220))
(24517, (2451700017, 2451701080))
(24518, (2451800017, 2451800613))
(24519, (2451900018, 2451900145))
(24520, (2452000022, 2452001006))
(24521, (2452100022, 2452100539))
(24522, (2452200022, 2452200072))
(24523, (2452300022, 2452300932))
(24524, (2452400022, 2452400465))
(24525, (2452500023, 2452499997))
(24526, (2452600022, 2452600857))
(24527, (2452700022, 2452700390))
(24528, (2452800020, 2452801250))
(24529, (2452900020, 2452900783))
(24530, (2453000025, 2453000314))
(24531, (2453100024, 2453101174))
(24532, (2453200022, 2453200707))
(24533, (2453300022, 2453300240))
(24534, (2453400021, 2453401100))
(24535, (2453500020, 2453500632))
(24536, (2453600019, 2453600165))
(24537, (2453700018, 2453701025))
(24538, (2453800018, 2453800558))
(24539, (2453900017, 2453900091))
(24540, (2454000019, 2454000953))
(24541, (2454100018, 2454100486))
(24542, (2454200018, 2454200019))
(24543, (2454300017, 2454300879))
(24544, (2454400017, 2454400412))
(24545, (2454500016, 2454499944))
(24546, (2454600016, 2454600804))
(24547, (2454700014, 2454700337))
(24548, (2454800013, 2454799870))
(24549, (2454900012, 2454900730))
(24550, (2455000018, 2455000260))
(24551, (2455100017, 2455101120))
(24552, (2455200016, 2455200653))
(24553, (2455300014, 2455300186))
(24554, (2455400013, 2455401046))
(24555, (2455500012, 2455500579))
(24556, (2455600011, 2455601438))
(24557, (2455700011, 2455700971))
(24558, (2455800011, 2455800504))
(24559, (2455900010, 2455901364))
(24560, (2456000015, 2456000898))
(24561, (2456100014, 2456100430))
(24562, (2456200013, 2456199963))
(24563, (2456300013, 2456300823))
(24564, (2456400013, 2456400356))
(24565, (2456500012, 2456499889))
(24566, (2456600012, 2456600748))
(24567, (2456700011, 2456700281))
(24568, (2456800010, 2456799814))
(24569, (2456900010, 2456900674))
(24570, (2457000014, 2457000207))
(24571, (2457100013, 2457101067))
(24572, (2457200012, 2457200599))
(24573, (2457300012, 2457300132))
(24574, (2457400011, 2457400992))
(24575, (2457500010, 2457500525))
